SCMBranch=OSP_New
SCMRepository=OSP_New/vbridge_portal/chat/public/components/ckeditor/plugins/codesnippet/lang
ar.js;3957640448;1;1585570623;
az.js;2551447495;1;1585570623;
bg.js;570167559;1;1585570623;
ca.js;2277303334;1;1585570623;
cs.js;3576917893;1;1585570623;
da.js;610260095;1;1585570623;
de-ch.js;2225929997;1;1585570624;
de.js;1562677987;1;1585570624;
el.js;3129099035;1;1585570624;
en-gb.js;1672794069;1;1585570624;
en.js;1688844235;1;1585570624;
eo.js;3821564383;1;1585570624;
es-mx.js;3017595284;1;1585570624;
es.js;626295149;1;1585570624;
et.js;1378438360;1;1585570624;
eu.js;3949412997;1;1585570624;
fa.js;3877340211;1;1585570624;
fi.js;1354187155;1;1585570624;
fr-ca.js;1558055637;1;1585570624;
fr.js;2226725181;1;1585570624;
gl.js;1390459887;1;1585570624;
he.js;1377141477;1;1585570624;
hr.js;936565631;1;1585570624;
hu.js;2621908335;1;1585570624;
id.js;848321471;1;1585570624;
it.js;3752332920;1;1585570624;
ja.js;609465635;1;1585570624;
km.js;1642085064;1;1585570624;
ko.js;3237723802;1;1585570624;
ku.js;3969783927;1;1585570624;
lt.js;3715745435;1;1585570624;
lv.js;2667103748;1;1585570624;
nb.js;31261865;1;1585570624;
nl.js;1245729832;1;1585570624;
no.js;347955761;1;1585570624;
oc.js;3177281274;1;1585570624;
pl.js;2105913454;1;1585570624;
pt-br.js;1329138878;1;1585570626;
pt.js;637390449;1;1585570626;
ro.js;442946969;1;1585570626;
ru.js;4119424439;1;1585570626;
sk.js;5176985;1;1585570626;
sl.js;3003282926;1;1585570626;
sq.js;2178366053;1;1585570626;
sv.js;2250344157;1;1585570626;
th.js;1757201350;1;1585570626;
tr.js;2788470663;1;1585570972;
tt.js;1404021819;1;1585570972;
ug.js;1889234780;1;1585570972;
uk.js;3701093397;1;1585570972;
vi.js;1926096615;1;1585570972;
zh-cn.js;2220651559;1;1585570972;
zh.js;1858075046;1;1585570973;
