SCMBranch=OSP_New
SCMRepository=OSP_New/vbridge_portal/administrator/components/com_jce/elements
blockformats.php;1320729183;1;1446087418;
browser.php;2527242832;1;1446087418;
extension.php;3034925030;1;1446087418;
filelist.php;2917090098;1;1446087418;
folderlist.php;3947815518;1;1446087418;
fonts.php;765603087;1;1446087418;
index.html;1864180681;1;1446087422;
list.php;986223763;1;1446087418;
password.php;2808540239;1;1446087418;
radio.php;430981090;1;1446087418;
spacer.php;16154126;1;1446087418;
styleformat.php;2744292971;1;1446087418;
text.php;1932799337;1;1446087418;
textarea.php;839766275;1;1446087418;
