SCMBranch=OSP_New
SCMRepository=OSP_New/vbridge_portal/chat/public/components/ckeditor/plugins/colordialog/lang
af.js;2029905849;1;1585570355;
ar.js;3072304638;1;1585570630;
az.js;3600245261;1;1585570630;
bg.js;4188105590;1;1585570631;
bn.js;3606369461;1;1585570631;
bs.js;3626276351;1;1585570631;
ca.js;1137224513;1;1585570631;
cs.js;147369061;1;1585570631;
cy.js;2255821055;1;1585570631;
da.js;2516262713;1;1585570631;
de-ch.js;1448963494;1;1585570631;
de.js;118202647;1;1585570631;
el.js;386038617;1;1585570631;
en-au.js;3623034757;1;1585570631;
en-ca.js;563308221;1;1585570631;
en-gb.js;2433744883;1;1585570631;
en.js;2005926636;1;1585570631;
eo.js;2480992485;1;1585570631;
es-mx.js;1418035330;1;1585570631;
es.js;935863660;1;1585570631;
et.js;3200710328;1;1585570631;
eu.js;328686861;1;1585570631;
fa.js;2069909983;1;1585570631;
fi.js;3692512896;1;1585570631;
fo.js;1701470573;1;1585570631;
fr-ca.js;3337410032;1;1585570631;
fr.js;1378284564;1;1585570631;
gl.js;2442026518;1;1585570631;
gu.js;2959903436;1;1585570631;
he.js;3238205441;1;1585570631;
hi.js;3647271430;1;1585570631;
hr.js;1382701566;1;1585570631;
hu.js;1598213057;1;1585570631;
id.js;2713321160;1;1585570631;
is.js;485932933;1;1585570632;
it.js;915555845;1;1585570632;
ja.js;3732540997;1;1585570632;
ka.js;3749041221;1;1585570632;
km.js;352802114;1;1585570632;
ko.js;977682613;1;1585570632;
ku.js;4104625734;1;1585570632;
lt.js;3731102067;1;1585570632;
lv.js;3670348544;1;1585570632;
mk.js;869326548;1;1585570632;
mn.js;827020590;1;1585570632;
ms.js;1067127908;1;1585570632;
nb.js;743622685;1;1585570632;
nl.js;2605858054;1;1585570632;
no.js;3847049889;1;1585570632;
oc.js;854509968;1;1585570632;
pl.js;975229476;1;1585570632;
pt-br.js;2417356585;1;1585570632;
pt.js;2203992065;1;1585570632;
ro.js;3977621052;1;1585570632;
ru.js;2512499400;1;1585570632;
si.js;462987673;1;1585570632;
sk.js;3874372681;1;1585570632;
sl.js;538244116;1;1585570632;
sq.js;3722145787;1;1585570632;
sr-latn.js;2371024492;1;1585570632;
sr.js;2646787102;1;1585570632;
sv.js;3060740553;1;1585570632;
th.js;2268296364;1;1585570632;
tr.js;3534627785;1;1585570973;
tt.js;469853914;1;1585570973;
ug.js;2633563605;1;1585570973;
uk.js;2524235014;1;1585570973;
vi.js;1625194770;1;1585570973;
zh-cn.js;1441775155;1;1585570973;
zh.js;3385510077;1;1585570973;
