SCMBranch=OSP_New
SCMRepository=OSP_New/vbridge_portal/administrator/templates/hathor/html/layouts/joomla/toolbar
base.php;2109054731;1;1543254676;
batch.php;2754272721;1;1543254676;
confirm.php;2281006752;1;1543254676;
containerclose.php;3763738929;1;1543254676;
containeropen.php;3434262376;1;1543254676;
help.php;821020694;1;1543254676;
iconclass.php;3694277118;1;1543254676;
index.html;2299680422;1;1431605422;
link.php;1176432782;1;1543254676;
modal.php;720917700;1;1543254676;
popup.php;682594150;1;1543254676;
separator.php;1903638621;1;1543254676;
slider.php;1956839899;1;1543254676;
standard.php;3461717385;1;1543254676;
title.php;3747930486;1;1543254676;
versions.php;785255824;1;1543254676;
