SCMBranch=OSP_New
SCMRepository=OSP_New/vbridge_portal/administrator/components/com_virtuemart/fields
formrenderer.php;3944112875;1;1541416688;
index.html;2299680422;1;1431605396;
manufacturer.php;1120089837;1;1541416688;
orderstatus.php;1588482685;1;1541416688;
product.php;922906442;1;1541416688;
scustom.php;3665433410;1;1541416688;
vendor.php;1824346902;1;1541416688;
vmacceptedcurrency.php;1434358083;1;1541416688;
vmcategories.php;934422910;1;1541416688;
vmcategory.php;60585700;1;1541416688;
vmcountries.php;3854487730;1;1541416688;
vmcurl.php;4173500562;1;1541416688;
vmcurrencies.php;2352959692;1;1541416688;
vmfiles.php;3049559194;1;1541416688;
vmhelptext.php;1946632721;1;1541416688;
vmlayout.php;2599647640;1;1541416688;
vmlisttable.php;3906006177;1;1541416688;
vmloadlang.php;583644356;1;1541416688;
vmmanufacturersmenu.php;1114301893;1;1541416688;
vmorderstate.php;2756127223;1;1541416688;
vmproductsublayout.php;231721606;1;1541416688;
vmrules.php;1537416860;1;1541416688;
vmtaxes.php;3715323356;1;1541416688;
vmtitle.php;933116530;1;1541416688;
vmweightunit.php;3897393616;1;1541416688;
