SCMBranch=OSP_New
SCMRepository=OSP_New/vbridge_portal/administrator/components/com_virtuemart/controllers
about.php;3232320933;1;1541416688;
calc.php;2025863473;1;1541416688;
category.php;605114136;1;1541416688;
config.php;2799536066;1;1541416688;
country.php;229661151;1;1541416688;
coupon.php;1140154285;1;1541416688;
currency.php;3402060120;1;1541416688;
custom.php;241038446;1;1541416688;
index.html;3916222277;1;1431605396;
inventory.php;4257201737;1;1541416688;
log.php;4153901021;1;1541416688;
manufacturer.php;217939277;1;1541416688;
manufacturercategories.php;2423109392;1;1541416688;
media.php;3155973051;1;1541416688;
orders.php;928965094;1;1541416688;
orderstatus.php;2995926037;1;1541416688;
paymentmethod.php;3168209458;1;1541416688;
plugin.php;1553757373;1;1541416688;
product.php;1473868801;1;1541416688;
ratings.php;91975105;1;1541416688;
report.php;299936449;1;1541416688;
shipmentmethod.php;2587656523;1;1541416688;
shoppergroup.php;1630060537;1;1541416688;
state.php;1458752718;1;1541416688;
translate.php;2172354811;1;1541416688;
updatesmigration.php;71466433;1;1541416688;
user.php;1342146057;1;1541416688;
userfields.php;967021646;1;1541416688;
virtuemart.php;3757857115;1;1541416688;
