SCMBranch=OSP_New
SCMRepository=OSP_New/vbridge_portal/chat/public/components/bootstrap/js
.jscsrc;2549032733;1;1585570353;
.jshintrc;3680300618;1;1585570353;
affix.js;357715677;1;1585570353;
alert.js;952753883;1;1585570353;
button.js;2339276695;1;1585570606;
carousel.js;2516664642;1;1585570606;
collapse.js;2871514736;1;1585570606;
dropdown.js;1968781287;1;1585570606;
modal.js;2010583763;1;1585570608;
popover.js;3129163684;1;1585570608;
scrollspy.js;2396887737;1;1585570608;
tab.js;3224632591;1;1585570608;
tooltip.js;1221993064;1;1585570970;
transition.js;876850725;1;1585570970;
