SCMBranch=OSP_New
SCMRepository=OSP_New/vbridge_portal/administrator/templates/hathor/images
arrow.png;3127058643;1;1543254676;
bg-menu.gif;932268096;1;1543254676;
calendar.png;978856307;1;1543254676;
index.html;2299680422;1;1431605432;
j_arrow.png;2319448316;1;1543254676;
j_arrow_down.png;3399991276;1;1543254676;
j_arrow_left.png;2483377129;1;1543254676;
j_arrow_right.png;4108050416;1;1543254676;
j_login_lock.png;3917458636;1;1543254676;
j_logo.png;1693917988;1;1543254676;
logo.png;3720470198;1;1543254676;
mini_icon.png;3857252240;1;1543254676;
notice-alert.png;78010818;1;1543254676;
notice-info.png;2864501259;1;1543254676;
notice-note.png;805126505;1;1543254676;
required.png;2717431425;1;1543254676;
selector-arrow-hc.png;582328753;1;1543254676;
selector-arrow-rtl.png;4267619855;1;1543254676;
selector-arrow-std.png;2848498461;1;1543254676;
selector-arrow.png;52718145;1;1543254676;
