SCMBranch=OSP_New
SCMRepository=OSP_New/vbridge_portal/chat/public/components/ckeditor/plugins/devtools/lang
_translationstatus.txt;258855025;1;1585570355;
ar.js;2697058359;1;1585570633;
az.js;2429030227;1;1585570633;
bg.js;703428899;1;1585570633;
ca.js;3897683948;1;1585570633;
cs.js;2907187615;1;1585570633;
cy.js;131484082;1;1585570633;
da.js;1162245379;1;1585570633;
de-ch.js;1419674955;1;1585570633;
de.js;320027660;1;1585570633;
el.js;1574928072;1;1585570633;
en-gb.js;1484855092;1;1585570633;
en.js;1690465134;1;1585570633;
eo.js;160972979;1;1585570633;
es-mx.js;1343349818;1;1585570633;
es.js;277785245;1;1585570635;
et.js;2843129743;1;1585570635;
eu.js;3114610632;1;1585570635;
fa.js;2277198669;1;1585570635;
fi.js;3305099022;1;1585570635;
fr-ca.js;1287495227;1;1585570635;
fr.js;1690703491;1;1585570635;
gl.js;2384993537;1;1585570635;
gu.js;810080379;1;1585570635;
he.js;955547449;1;1585570635;
hr.js;3577095514;1;1585570635;
hu.js;469063208;1;1585570635;
id.js;1490462766;1;1585570635;
it.js;2942855156;1;1585570635;
ja.js;2859293584;1;1585570635;
km.js;3392698311;1;1585570635;
ko.js;2624546416;1;1585570635;
ku.js;513417886;1;1585570635;
lt.js;3659359444;1;1585570635;
lv.js;992416063;1;1585570635;
nb.js;3794725574;1;1585570635;
nl.js;3331378453;1;1585570635;
no.js;1002819952;1;1585570635;
oc.js;110390238;1;1585570635;
pl.js;408436813;1;1585570635;
pt-br.js;4226664390;1;1585570635;
pt.js;1409463311;1;1585570635;
ro.js;3434879376;1;1585570635;
ru.js;3131588443;1;1585570635;
si.js;2357653373;1;1585570635;
sk.js;471418234;1;1585570635;
sl.js;2779604108;1;1585570636;
sq.js;3712121366;1;1585570636;
sv.js;3543037537;1;1585570636;
tr.js;705128859;1;1585570973;
tt.js;3693422580;1;1585570973;
ug.js;2589504332;1;1585570973;
uk.js;1584555686;1;1585570973;
vi.js;2976796450;1;1585570974;
zh-cn.js;717816568;1;1585570974;
zh.js;4173325061;1;1585570974;
