SCMBranch=OSP_New
SCMRepository=OSP_New/vbridge_portal/administrator/easyui/themes/metro
accordion.css;1992121399;1;1468918976;
calendar.css;1839776371;1;1468918976;
combo.css;3643976507;1;1468918976;
combobox.css;3961220856;1;1468918976;
datagrid.css;1231826372;1;1468918976;
datalist.css;1169359187;1;1468918976;
datebox.css;1365124191;1;1468918976;
dialog.css;3117591284;1;1468918976;
easyui.css;1857963378;1;1468918976;
filebox.css;2976268252;1;1468918976;
layout.css;57047477;1;1468918976;
linkbutton.css;2129927230;1;1468918976;
menu.css;713386456;1;1468918976;
menubutton.css;2555409409;1;1468918976;
messager.css;3812052402;1;1468918976;
numberbox.css;4294967295;1;1468918976;
pagination.css;4211397101;1;1468918976;
panel.css;1059015479;1;1468918976;
passwordbox.css;3656197494;1;1468918976;
progressbar.css;3572737177;1;1468918976;
propertygrid.css;3265471128;1;1468918976;
searchbox.css;1607165086;1;1468918976;
slider.css;2992202783;1;1468918976;
spinner.css;1493122870;1;1468918976;
splitbutton.css;2327059004;1;1468918976;
switchbutton.css;3335861290;1;1468918976;
tabs.css;856745109;1;1468918976;
textbox.css;376661609;1;1468918976;
tooltip.css;491415857;1;1468918976;
tree.css;3695857481;1;1468918976;
validatebox.css;1956364022;1;1468918976;
window.css;676762113;1;1468918976;
