SCMBranch=OSP_New
SCMRepository=OSP_New/vbridge_portal/administrator/components/com_jce/media/css
cpanel.css;787310608;1;1446087418;
global.css;4075211359;1;1446087418;
icons.css;572673434;1;1431605372;
index.html;1864180681;1;1446087422;
install.css;3768902383;1;1446087418;
installer.css;707700359;1;1446087418;
module.css;1573331968;1;1446087418;
preferences.css;1605765290;1;1446087418;
profiles.css;559954109;1;1446087418;
updates.css;3039499807;1;1446087418;
upload.css;609446767;1;1446087418;
users.css;862788947;1;1446087418;
