SCMBranch=OSP_New
SCMRepository=OSP_New/vbridge_portal/administrator/templates/isis/images/admin
blank.png;1600596905;1;1543254676;
checked_out.png;2826200151;1;1543254676;
collapseall.png;3919106186;1;1543254676;
disabled.png;3463090226;1;1543254676;
downarrow-1.png;2242569336;1;1543254676;
downarrow.png;1188401572;1;1543254676;
downarrow0.png;1188401572;1;1543254676;
expandall.png;2129929618;1;1543254676;
featured.png;3553913439;1;1543254676;
filesave.png;2941095253;1;1543254676;
filter_16.png;2576314190;1;1543254676;
icon-16-add.png;1377496529;1;1543254676;
icon-16-allow.png;1469418359;1;1543254676;
icon-16-allowinactive.png;4099977501;1;1543254676;
icon-16-deny.png;2082374525;1;1543254676;
icon-16-denyinactive.png;330271095;1;1543254676;
icon-16-links.png;1882419089;1;1543254676;
icon-16-notice-note.png;3586191197;1;1543254676;
icon-16-protected.png;1062031700;1;1543254676;
index.html;2299680422;1;1431605438;
menu_divider.png;1358939140;1;1543254676;
note_add_16.png;3403114154;1;1543254676;
publish_g.png;3469551766;1;1543254676;
publish_r.png;658786536;1;1543254676;
publish_x.png;1508203526;1;1543254676;
publish_y.png;2122447073;1;1543254676;
sort_asc.png;3522802651;1;1543254676;
sort_desc.png;1020886405;1;1543254676;
tick.png;2181976357;1;1543254676;
trash.png;1190311812;1;1543254676;
uparrow-1.png;2664924284;1;1543254676;
uparrow.png;2250468412;1;1543254676;
uparrow0.png;2250468412;1;1543254676;
