SCMBranch=OSP_New
SCMRepository=OSP_New/vbridge_portal/chat/public/ckeditor/lang
af.js;1872197863;1;1585570351;
ar.js;1148192872;1;1585570575;
az.js;921003093;1;1585570575;
bg.js;4203830596;1;1585570575;
bn.js;4071276048;1;1585570575;
bs.js;2059680563;1;1585570575;
ca.js;3470541961;1;1585570575;
cs.js;2375934765;1;1585570575;
cy.js;1127430094;1;1585570575;
da.js;357598811;1;1585570575;
de-ch.js;3299857567;1;1585570575;
de.js;2573118196;1;1585570575;
el.js;2629019282;1;1585570575;
en-au.js;2082185611;1;1585570575;
en-ca.js;3988974141;1;1585570575;
en-gb.js;2970232842;1;1585570575;
en.js;1531701230;1;1585570575;
eo.js;1418288842;1;1585570575;
es-mx.js;1301590123;1;1585570575;
es.js;273175995;1;1585570575;
et.js;2821008875;1;1585570575;
eu.js;1544331974;1;1585570575;
fa.js;3792004092;1;1585570577;
fi.js;4062705174;1;1585570577;
fo.js;896583564;1;1585570577;
fr-ca.js;211333080;1;1585570577;
fr.js;482182376;1;1585570577;
gl.js;767931640;1;1585570577;
gu.js;766698585;1;1585570577;
he.js;2537976169;1;1585570577;
hi.js;3334462684;1;1585570577;
hr.js;1196791394;1;1585570577;
hu.js;34601295;1;1585570577;
id.js;1617152207;1;1585570577;
is.js;1974902017;1;1585570577;
it.js;3048648343;1;1585570577;
ja.js;1991639317;1;1585570577;
ka.js;2099290300;1;1585570577;
km.js;1465457963;1;1585570577;
ko.js;1808675124;1;1585570577;
ku.js;2386440251;1;1585570577;
lt.js;1273029923;1;1585570577;
lv.js;1581505677;1;1585570577;
mk.js;1867962045;1;1585570577;
mn.js;3567942839;1;1585570577;
ms.js;3085451857;1;1585570577;
nb.js;890329241;1;1585570577;
nl.js;2690284082;1;1585570577;
no.js;1107715085;1;1585570577;
oc.js;279026543;1;1585570577;
pl.js;1029273459;1;1585570577;
pt-br.js;9621659;1;1585570577;
pt.js;463275342;1;1585570577;
ro.js;3573964737;1;1585570579;
ru.js;1628008526;1;1585570579;
si.js;3514478667;1;1585570579;
sk.js;1174952237;1;1585570579;
sl.js;3168098390;1;1585570579;
sq.js;2608748885;1;1585570579;
sr-latn.js;4019114489;1;1585570579;
sr.js;3523364636;1;1585570579;
sv.js;768723171;1;1585570579;
th.js;1993609035;1;1585570968;
tr.js;458923236;1;1585570968;
tt.js;3460996448;1;1585570968;
ug.js;2641467560;1;1585570968;
uk.js;2463977553;1;1585570968;
vi.js;2817749864;1;1585570968;
zh-cn.js;773784614;1;1585570968;
zh.js;3414661188;1;1585570968;
