SCMBranch=OSP_New
SCMRepository=OSP_New/vbridge_portal/administrator/easyui/demo/datagrid
aligncolumns.html;931960866;1;1395827596;
basic.html;3472659750;1;1395827646;
cacheeditor.html;2368866705;1;1406262634;
cellediting.html;4195596047;1;1420436334;
cellstyle.html;442149654;1;1395827680;
checkbox.html;3026346200;1;1395827696;
clientpagination.html;1720607628;1;1445332902;
columngroup.html;1387548395;1;1395827732;
complextoolbar.html;295815709;1;1414470998;
contextmenu.html;3273169732;1;1395827768;
custompager.html;1799957062;1;1395827784;
datagrid_data1.json;1809832569;1;1395054070;
datagrid_data2.json;1742830311;1;1339737144;
fluid.html;2265411847;1;1404210432;
footer.html;663435035;1;1395827800;
formatcolumns.html;1457225740;1;1395827818;
frozencolumns.html;2475570321;1;1395827834;
frozenrows.html;2865131775;1;1395827852;
mergecells.html;132944583;1;1395827868;
multisorting.html;3817539240;1;1395827884;
products.json;93749024;1;1348741558;
rowborder.html;3058010663;1;1395827900;
rowediting.html;3799358310;1;1451533822;
rowstyle.html;2868796572;1;1395827932;
selection.html;1178600340;1;1395827948;
simpletoolbar.html;606683609;1;1395827984;
transform.html;979639356;1;1395828418;
