SCMBranch=OSP_New
SCMRepository=OSP_New/vbridge_portal/chat/public/components/ckeditor/lang
_translationstatus.txt;2678466258;1;1585570354;
af.js;3489717985;1;1585570354;
ar.js;3429543198;1;1585570613;
az.js;3987243800;1;1585570613;
bg.js;1104892247;1;1585570613;
bn.js;1163714153;1;1585570613;
bs.js;1525947304;1;1585570613;
ca.js;3160470088;1;1585570613;
cs.js;1157811309;1;1585570613;
cy.js;2823739440;1;1585570613;
da.js;2862857705;1;1585570613;
de-ch.js;3554283032;1;1585570613;
de.js;1621439097;1;1585570613;
el.js;968784981;1;1585570613;
en-au.js;3306799573;1;1585570613;
en-ca.js;1206461583;1;1585570613;
en-gb.js;3215642577;1;1585570613;
en.js;2355191367;1;1585570613;
eo.js;4086007850;1;1585570613;
es-mx.js;4290726299;1;1585570613;
es.js;257100573;1;1585570613;
et.js;976504506;1;1585570613;
eu.js;87171333;1;1585570613;
fa.js;1778862575;1;1585570613;
fi.js;4258063111;1;1585570615;
fo.js;1650331197;1;1585570615;
fr-ca.js;891332702;1;1585570615;
fr.js;3530022714;1;1585570615;
gl.js;3267678743;1;1585570615;
gu.js;2069544905;1;1585570615;
he.js;369229605;1;1585570615;
hi.js;3831725545;1;1585570615;
hr.js;1694559267;1;1585570615;
hu.js;2877897722;1;1585570615;
id.js;3388457859;1;1585570615;
is.js;1234799739;1;1585570615;
it.js;3136997224;1;1585570615;
ja.js;688532764;1;1585570615;
ka.js;760277847;1;1585570615;
km.js;3834270799;1;1585570615;
ko.js;2778429976;1;1585570615;
ku.js;3307043426;1;1585570615;
lt.js;3939806546;1;1585570615;
lv.js;3682651077;1;1585570615;
mk.js;1239009503;1;1585570615;
mn.js;271113322;1;1585570615;
ms.js;2330861835;1;1585570615;
nb.js;658773610;1;1585570615;
nl.js;494109225;1;1585570615;
no.js;1846616204;1;1585570615;
oc.js;505816842;1;1585570615;
pl.js;972858919;1;1585570615;
pt-br.js;2227230036;1;1585570615;
pt.js;2009242640;1;1585570615;
ro.js;675620469;1;1585570615;
ru.js;544347673;1;1585570617;
si.js;301222102;1;1585570617;
sk.js;783851255;1;1585570617;
sl.js;3292196835;1;1585570617;
sq.js;362842069;1;1585570617;
sr-latn.js;2630393166;1;1585570617;
sr.js;2340117931;1;1585570617;
sv.js;3133115562;1;1585570617;
th.js;1812046196;1;1585570970;
tr.js;2922530470;1;1585570970;
tt.js;82094005;1;1585570970;
ug.js;1032454122;1;1585570972;
uk.js;437690559;1;1585570972;
vi.js;889249318;1;1585570972;
zh-cn.js;773583763;1;1585570972;
zh.js;3423991743;1;1585570972;
