SCMBranch=OSP_New
SCMRepository=OSP_New/vbridge_portal/administrator/easyui/themes/gray
accordion.css;216874655;1;1468918976;
calendar.css;668102006;1;1468918976;
combo.css;2646628244;1;1468918976;
combobox.css;4136004163;1;1468918976;
datagrid.css;22262364;1;1468918976;
datalist.css;714914692;1;1468918976;
datebox.css;1111933251;1;1468918976;
dialog.css;314167584;1;1468918976;
easyui.css;3932119507;1;1468918976;
filebox.css;2976268252;1;1468918976;
layout.css;435650320;1;1468918976;
linkbutton.css;1201990554;1;1468918976;
menu.css;2557497445;1;1468918976;
menubutton.css;403543247;1;1468918976;
messager.css;4142067923;1;1468918976;
numberbox.css;4294967295;1;1468918976;
pagination.css;2176035957;1;1468918976;
panel.css;1110771428;1;1468918976;
passwordbox.css;3656197494;1;1468918976;
progressbar.css;1761737016;1;1468918976;
propertygrid.css;2821342155;1;1468918976;
searchbox.css;2620513861;1;1468918976;
slider.css;121147833;1;1468918976;
spinner.css;2070595964;1;1468918976;
splitbutton.css;414962076;1;1468918976;
switchbutton.css;3017751974;1;1468918976;
tabs.css;1514687334;1;1468918976;
textbox.css;4131526240;1;1468918976;
tooltip.css;1170880322;1;1468918976;
tree.css;1569219068;1;1468918976;
validatebox.css;1956364022;1;1468918976;
window.css;3576350878;1;1468918976;
