SCMBranch=OSP_New
SCMRepository=OSP_New/vbridge_portal/chat/public/components/bootstrap-datepicker/docs
conf.py;1662448963;1;1585570597;
events.rst;236292447;1;1585570597;
i18n.rst;2544117143;1;1585570597;
index.rst;1131768914;1;1585570597;
keyboard.rst;2362818473;1;1585570597;
make.bat;820523332;1;1585570597;
Makefile;915410674;1;1585570597;
markup.rst;89538266;1;1585570597;
methods.rst;2600249482;1;1585570597;
options.rst;1003207833;1;1585570597;
README.md;1945223559;1;1585570597;
requirements.txt;471693067;1;1585570597;
