SCMBranch=OSP_New
SCMRepository=OSP_New/vbridge_portal/chat/public/components/ckeditor/plugins/div/lang
af.js;913015541;1;1585570355;
ar.js;1002141022;1;1585570636;
az.js;1680029951;1;1585570636;
bg.js;1603554079;1;1585570636;
bn.js;4070268049;1;1585570636;
bs.js;512027313;1;1585570636;
ca.js;694177948;1;1585570636;
cs.js;3765676084;1;1585570636;
cy.js;3421800636;1;1585570636;
da.js;3770722050;1;1585570636;
de-ch.js;1997311523;1;1585570636;
de.js;3624670467;1;1585570636;
el.js;3395230778;1;1585570636;
en-au.js;1962290425;1;1585570636;
en-ca.js;1099223625;1;1585570636;
en-gb.js;1797950271;1;1585570636;
en.js;609903705;1;1585570636;
eo.js;3034244734;1;1585570636;
es-mx.js;1243908784;1;1585570636;
es.js;2637520642;1;1585570636;
et.js;2690538735;1;1585570636;
eu.js;1524329789;1;1585570636;
fa.js;650504073;1;1585570636;
fi.js;2431730722;1;1585570637;
fo.js;526108904;1;1585570637;
fr-ca.js;4041781720;1;1585570637;
fr.js;911488048;1;1585570637;
gl.js;2164597836;1;1585570637;
gu.js;843789060;1;1585570637;
he.js;2483115100;1;1585570637;
hi.js;287510708;1;1585570637;
hr.js;2865709930;1;1585570637;
hu.js;3711445023;1;1585570637;
id.js;3055615521;1;1585570637;
is.js;1601604824;1;1585570637;
it.js;2252924697;1;1585570637;
ja.js;1767234116;1;1585570637;
ka.js;970052499;1;1585570637;
km.js;3160779348;1;1585570637;
ko.js;3354089807;1;1585570637;
ku.js;4293450698;1;1585570637;
lt.js;1177772405;1;1585570637;
lv.js;3871631874;1;1585570637;
mk.js;3397353813;1;1585570637;
mn.js;3016919825;1;1585570637;
ms.js;955348117;1;1585570637;
nb.js;4258384385;1;1585570637;
nl.js;4117079208;1;1585570637;
no.js;2598073117;1;1585570637;
oc.js;3966934824;1;1585570637;
pl.js;1329635964;1;1585570637;
pt-br.js;2356491237;1;1585570637;
pt.js;2437346761;1;1585570637;
ro.js;2143612366;1;1585570637;
ru.js;2136659389;1;1585570638;
si.js;3305576514;1;1585570638;
sk.js;2572234945;1;1585570638;
sl.js;2094508564;1;1585570638;
sq.js;2260883905;1;1585570638;
sr-latn.js;4146721773;1;1585570638;
sr.js;2258929383;1;1585570638;
sv.js;2436897392;1;1585570638;
th.js;829580510;1;1585570638;
tr.js;2345883411;1;1585570974;
tt.js;1657464337;1;1585570974;
ug.js;619826685;1;1585570974;
uk.js;3165118368;1;1585570974;
vi.js;2550816680;1;1585570974;
zh-cn.js;890715557;1;1585570974;
zh.js;2785422179;1;1585570974;
