SCMBranch=OSP_New
SCMRepository=OSP_New/vbridge_portal/administrator/components/com_acymailing/classes
acyhistory.php;2877693930;1;1446087288;
cpanel.php;116332685;1;1446087288;
fields.php;3921118477;1;1446087288;
filter.php;944192412;1;1446087288;
geolocation.php;1471055381;1;1446087288;
index.html;1864180681;1;1446087288;
list.php;3673173570;1;1446087288;
listcampaign.php;1394218947;1;1446087288;
listmail.php;3032990530;1;1446087290;
listsub.php;1477111063;1;1446087290;
mail.php;537106413;1;1446087290;
queue.php;1959712316;1;1446087290;
rules.php;2364813540;1;1446087290;
stats.php;3365349962;1;1446087290;
subscriber.php;2468817509;1;1446087290;
template.php;4019925246;1;1446087290;
