SCMBranch=OSP_New
SCMRepository=OSP_New/vbridge_portal/chat/public/ckeditor/samples/old
ajax.html;870186483;1;1585570351;
api.html;4070986445;1;1585570587;
appendto.html;1169654388;1;1585570587;
datafiltering.html;2973107829;1;1585570587;
divreplace.html;2110717066;1;1585570587;
index.html;2788110600;1;1585570587;
inlineall.html;2641149692;1;1585570587;
inlinebycode.html;1577038613;1;1585570587;
inlinetextarea.html;2736516828;1;1585570587;
jquery.html;2225889362;1;1585570587;
readonly.html;2096621765;1;1585570587;
replacebyclass.html;2732684579;1;1585570587;
replacebycode.html;3752214539;1;1585570587;
sample.css;3038974078;1;1585570587;
sample.js;4095374592;1;1585570587;
sample_posteddata.php;4277891957;1;1585570587;
tabindex.html;3423598167;1;1585570587;
uicolor.html;3825675625;1;1585570970;
uilanguages.html;597605484;1;1585570970;
xhtmlstyle.html;234662025;1;1585570970;
