SCMBranch=OSP_New
SCMRepository=OSP_New/vbridge_portal/chat
abuse.php;4171431769;1;1591334469;
archieve.php;3090547949;1;1591334469;
compose-history.php;3185075206;1;1591334469;
compose_search.php;4294967295;1;1591334469;
data.php;2008284239;1;1591334469;
dbConfig.php;1920764787;1;1591334469;
default-logo.png;2634469828;1;1591334469;
fetch.php;2253452347;1;1591334469;
get-chat-history.xml;3670533238;1;1591334469;
get-chat-history_BKP-uk.php;2776046527;1;1591334469;
get-chat-history_UK-1712.php;3982256487;1;1591334469;
get-latest-chat.php;380170156;1;1591334469;
get_unread_msg_cnt.php;217957566;1;1591334469;
index.php;1629564123;2;1591334469;
index_bkp.php;470267780;1;1591334469;
index_hari.php;2925329861;1;1591334469;
loader.gif;2268557509;1;1591334470;
recentchat.php;1470919168;1;1591334470;
recentchat_OLD.php;1034486138;1;1591334470;
recentchat_UK-171219.php;3248457917;1;1591334470;
restore.php;2862092195;1;1591334470;
search.php;903861971;1;1591334470;
submit.php;3408243045;1;1591334470;
get-chat-history.php;2009936015;4;1591598089;
latest-chat-history.php;2155655882;3;1591598089;
