SCMBranch=OSP_New
SCMRepository=OSP_New/vbridge_portal/administrator/easyui/themes/bootstrap
accordion.css;1528851769;1;1468918976;
calendar.css;3032037677;1;1468918976;
combo.css;2259488103;1;1468918976;
combobox.css;946524527;1;1468918976;
datagrid.css;2353956612;1;1468918976;
datalist.css;3541734442;1;1468918976;
datebox.css;984801850;1;1468918976;
dialog.css;4286089002;1;1468918976;
easyui.css;565462031;1;1468918976;
filebox.css;2976268252;1;1468918976;
layout.css;3803668912;1;1468918976;
linkbutton.css;2778081259;1;1468918976;
menu.css;1087846510;1;1468918976;
menubutton.css;2265203760;1;1468918976;
messager.css;3216123714;1;1468918976;
numberbox.css;4294967295;1;1468918976;
pagination.css;2455053090;1;1468918976;
panel.css;1623901447;1;1468918976;
passwordbox.css;3656197494;1;1468918976;
progressbar.css;1001004281;1;1468918976;
propertygrid.css;4291599665;1;1468918976;
searchbox.css;2190338732;1;1468918976;
slider.css;2975593665;1;1468918976;
spinner.css;1044502807;1;1468918976;
splitbutton.css;1029550704;1;1468918976;
switchbutton.css;377635919;1;1468918976;
tabs.css;3537845813;1;1468918976;
textbox.css;3987793747;1;1468918976;
tooltip.css;3493688063;1;1468918976;
tree.css;1254215487;1;1468918976;
validatebox.css;1956364022;1;1468918976;
window.css;3084292439;1;1468918976;
