SCMBranch=OSP_New
SCMRepository=OSP_New/vbridge_portal/chat/public/components/ckeditor/plugins/copyformatting/lang
az.js;1705106624;1;1585570633;
de.js;342059947;1;1585570633;
en.js;2869319864;1;1585570633;
it.js;3474797219;1;1585570633;
ja.js;2544309972;1;1585570633;
nb.js;3431440229;1;1585570633;
nl.js;1921899052;1;1585570633;
oc.js;2090545409;1;1585570633;
pl.js;943356759;1;1585570633;
pt-br.js;3556377168;1;1585570633;
ru.js;2870296034;1;1585570633;
sv.js;1401330649;1;1585570633;
tr.js;3162324556;1;1585570973;
zh-cn.js;96974049;1;1585570973;
zh.js;4271125951;1;1585570973;
