SCMBranch=OSP_New
SCMRepository=OSP_New/vbridge_portal/administrator/easyui/themes/icons
back.png;2647145222;1;1260880170;
blank.gif;1304196098;1;1294744582;
cancel.png;1648489213;1;1260880170;
clear.png;349543174;1;1399431606;
cut.png;173512057;1;1260880170;
edit_add.png;1045874169;1;1260880170;
edit_remove.png;3537313403;1;1260880170;
filesave.png;2306336669;1;1260880170;
filter.png;2049378611;1;1383564190;
help.png;2390642197;1;1260880170;
large_chart.png;3729652956;1;1395809830;
large_clipart.png;2402126285;1;1395809696;
large_picture.png;3045018264;1;1395809614;
large_shapes.png;4108536312;1;1395809812;
large_smartart.png;3312226285;1;1395809812;
lock.png;2858004824;1;1398251966;
man.png;1276337704;1;1398251404;
mini_add.png;1930638924;1;1321334884;
mini_edit.png;2501538822;1;1321345500;
mini_refresh.png;3155635784;1;1321345578;
more.png;3159162269;1;1371311720;
no.png;3744107484;1;1260880170;
ok.png;2579314912;1;1260880170;
pencil.png;1007602121;1;1263882384;
print.png;884654793;1;1260880170;
redo.png;16345986;1;1260880170;
reload.png;3325963725;1;1260880170;
search.png;1985614931;1;1260880170;
sum.png;2223929820;1;1295849590;
tip.png;1753195882;1;1309430366;
undo.png;2190255462;1;1260880170;
