SCMBranch=OSP_New
SCMRepository=OSP_New/vbridge_portal/administrator/components/com_users/models
debuggroup.php;497538684;1;1543254676;
debuguser.php;2339470961;1;1543254676;
group.php;2161936859;1;1543254676;
groups.php;1614145371;1;1543254676;
index.html;2299680422;1;1431605378;
level.php;240946842;1;1543254676;
levels.php;2855974299;1;1543254676;
mail.php;535530010;1;1543254676;
note.php;3825432882;1;1543254676;
notes.php;878283131;1;1543254676;
user.php;652422279;1;1543254676;
users.php;483576473;1;1543254676;
