SCMBranch=OSP_New
SCMRepository=OSP_New/vbridge_portal/administrator/templates/isis/less/blocks
_chzn-override.less;1339934966;1;1543254676;
_custom.less;1728926274;1;1543254676;
_editors.less;1218284762;1;1543254676;
_forms.less;2038584526;1;1543254676;
_global.less;419729531;1;1543254676;
_header.less;1710227528;1;1543254676;
_login.less;236544580;1;1543254676;
_media.less;3902385236;1;1543254676;
_modals.less;1987379698;1;1543254676;
_navbar.less;1239757502;1;1543254676;
_quickicons.less;2669663492;1;1543254676;
_sidebar.less;3730509996;1;1543254676;
_status.less;2882519915;1;1543254676;
_tables.less;3948037230;1;1543254676;
_toolbar.less;4268206681;1;1543254676;
_treeselect.less;824216783;1;1543254676;
_utility-classes.less;3266377790;1;1543254676;
