SCMBranch=OSP_New
SCMRepository=OSP_New/vbridge_portal/briefs_and_papers
0_dummy.pdf;3028230890;1;1555590772;
0_FarmData_sample.xlsx;561745370;1;1555590830;
11_dummy.pdf;3028230890;1;1553081588;
18_dummy.pdf;3028230890;1;1564401586;
18_dummy_logo.jpg;2430160250;1;1564401614;
18_logo.png;2367678747;1;1564401640;
19_dummy.pdf;3028230890;1;1564403524;
19_dummy_logo.jpg;2430160250;1;1564403544;
1_add_project_plan_sample.xlsx;3707484838;1;1551329478;
1_Desert.jpg;427173548;1;1574241668;
1_dummy.pdf;3028230890;1;1551096884;
1_DUMMY2.pdf;2730662664;1;1574247497;
1_dummy_word_document.docx;4294967295;1;1574242363;
1_GUDURI VEERA VENKATA PHANEENDRA.pdf;2465961985;1;1573789594;
1_Hydrangeas.jpg;1177510659;1;1574242164;
1_Penguins.jpg;3690784205;1;1573551936;
1_phaneendra.pdf;3848266949;1;1573712232;
1_samplepdf.pdf;4273983674;1;1573716012;
1_Tulips.jpg;1499352104;1;1574240876;
22_video2.mp4;4005479871;1;1553484292;
29_dummy.pdf;3028230890;1;1554197344;
29_DUMMY2.pdf;2730662664;1;1554190414;
2_add_project_plan_sample_xls.xlsx;957632606;1;1550733858;
2_customer_three.jpg;3822400500;1;1571901772;
2_DUMMY2.pdf;2730662664;1;1551329994;
2_dummy_word_document.docx;4294967295;1;1551330024;
2_Koala.jpg;3823680073;1;1571561916;
2_Penguins.jpg;3690784205;1;1571562872;
38_DUMMY2.pdf;2730662664;1;1564459896;
38_logo_one.jpg;2430160250;1;1565342202;
39_dummy.pdf;3028230890;1;1564460090;
3_404-error-page-templates.jpg;876162459;1;1563527340;
3_add_project_plan_sample.xlsx;3707484838;1;1551330820;
3_dummy.pdf;3028230890;1;1574309685;
3_DUMMY2.pdf;2730662664;1;1574309551;
3_dummy_logo.jpg;2430160250;1;1563526606;
3_dummy_word_document.docx;4294967295;1;1550734356;
3_images (4).jpg;3376407899;1;1553844514;
3_Reobee Issues.xls;3316428056;1;1557824024;
3_SANTOSH TALAWAR TRAIN BOOKING.pdf;2270857007;1;1557737492;
3_vbridge_logo_new.png;3839303116;1;1553841744;
40_DUMMY2.pdf;2730662664;1;1564460314;
41_dummy_logo.jpg;2430160250;1;1564460536;
42_vbridge_logo.jpg;2444774136;1;1564460756;
43_DUMMY2.pdf;2730662664;1;1564461084;
44_dummy_logo.jpg;2430160250;1;1564461620;
45_vbridge_logo_new.png;3839303116;1;1564461932;
46_dummy_logo.jpg;2430160250;1;1564462228;
47_dummy_logo.jpg;2430160250;1;1564462508;
4_dummy.pdf;3028230890;1;1559646748;
4_DUMMY2.pdf;2730662664;1;1551335088;
4_dummy_word_document.docx;4294967295;1;1551335120;
57_dummy.pdf;3028230890;1;1557490924;
57_SANTOSH TALAWAR TRAIN BOOKING.pdf;2270857007;1;1557490904;
5_404-error-page-templates.jpg;876162459;1;1563802282;
5_add_project_plan_sample.xlsx;2155312866;1;1550226082;
5_award_two.jpg;2857991456;1;1568958030;
5_Desert.jpg;427173548;1;1570709402;
5_dummy.pdf;3028230890;1;1568884212;
5_DUMMY2.pdf;2730662664;1;1569825054;
5_dummy_word_document.docx;4294967295;1;1550226066;
5_GSI Landing Page v3.jpg;2420630189;1;1570702406;
5_Hydrangeas.jpg;1177510659;1;1572005904;
5_Jellyfish.jpg;1421185260;1;1570709306;
5_Koala.jpg;3823680073;1;1571051280;
5_Lighthouse.jpg;1555538595;1;1571399564;
5_logo_one.jpg;2430160250;1;1568884240;
5_logo_two.jpg;876162459;1;1568884266;
5_Penguins.jpg;3690784205;1;1572006008;
5_Sample.doc;2083285398;1;1569825106;
5_Screenshot_1.jpg;1786522717;1;1550637070;
5_Tulips.jpg;1499352104;1;1570711850;
5__file_708_bofan-pt502.pdf;2587367599;1;1550206284;
62_dummy.pdf;3028230890;1;1558086726;
62_Startup User Registration.docx;4020964530;1;1558086750;
6_DUMMY2.pdf;2730662664;1;1564148504;
7_DUMMY2.pdf;2730662664;1;1551274238;
7_dummy_word_document.docx;4294967295;1;1551274252;
87_DUMMY2.pdf;2730662664;1;1562584722;
8_DUMMY2.pdf;2730662664;1;1564153442;
8_dummy_logo.jpg;2430160250;1;1564377714;
9_dummy.pdf;3028230890;1;1564155120;
9_dummy_logo.jpg;2430160250;1;1564155102;
dummy_document_image.png;2013782870;1;1550210654;
dummy_document_image_2.png;4117188893;1;1550211558;
dummy_pdf_image.png;1073269975;1;1550209510;
dummy_pdf_image_2.png;1112262131;1;1550210104;
dummy_pdf_image_3.png;3697130142;1;1550211994;
excel_dummy_image.png;3849487971;1;1550211128;
excel_dummy_image_2.png;2734600791;1;1550211716;
usecases.png;726996853;1;1564152330;
