SCMBranch=OSP_New
SCMRepository=OSP_New/vbridge_portal/chat/public/components/ckeditor/plugins/autoembed/lang
az.js;1499847185;1;1585570619;
ca.js;2937903181;1;1585570619;
cs.js;2848923502;1;1585570619;
de-ch.js;2359147086;1;1585570619;
de.js;1993445415;1;1585570619;
en.js;1115468041;1;1585570619;
eo.js;3956170878;1;1585570619;
es-mx.js;702346422;1;1585570619;
es.js;689861669;1;1585570619;
eu.js;1663168082;1;1585570619;
fr.js;2346078985;1;1585570619;
gl.js;507832222;1;1585570619;
hr.js;278239757;1;1585570619;
hu.js;4168261331;1;1585570619;
it.js;3307725445;1;1585570619;
ja.js;2442871315;1;1585570619;
km.js;2164448200;1;1585570619;
ko.js;2371656865;1;1585570619;
ku.js;2693254317;1;1585570619;
mk.js;3539868584;1;1585570619;
nb.js;3002378427;1;1585570619;
nl.js;1590517158;1;1585570619;
oc.js;1374696112;1;1585570619;
pl.js;4064598296;1;1585570619;
pt-br.js;2443507061;1;1585570621;
pt.js;2288841484;1;1585570621;
ru.js;265613796;1;1585570621;
sk.js;2518955326;1;1585570621;
sv.js;1840228610;1;1585570621;
tr.js;2531159783;1;1585570972;
ug.js;2625164272;1;1585570972;
uk.js;2076785761;1;1585570972;
zh-cn.js;2945408163;1;1585570972;
zh.js;2893868938;1;1585570972;
