SCMBranch=OSP_New
SCMRepository=OSP_New/vbridge_portal/chat/public/components/ckeditor/plugins/bidi/lang
af.js;2235344374;1;1585570355;
ar.js;3206282894;1;1585570621;
az.js;781063156;1;1585570621;
bg.js;4049478189;1;1585570621;
bn.js;3104910852;1;1585570621;
bs.js;929977471;1;1585570621;
ca.js;2758595156;1;1585570621;
cs.js;3469780620;1;1585570621;
cy.js;65229092;1;1585570621;
da.js;1448644409;1;1585570621;
de-ch.js;201136687;1;1585570621;
de.js;3415858396;1;1585570622;
el.js;3216295304;1;1585570622;
en-au.js;1587618445;1;1585570622;
en-ca.js;3295056611;1;1585570622;
en-gb.js;1789671695;1;1585570622;
en.js;1308661706;1;1585570622;
eo.js;1961658906;1;1585570622;
es-mx.js;3662002557;1;1585570622;
es.js;1990296565;1;1585570622;
et.js;3723857124;1;1585570622;
eu.js;1210850276;1;1585570622;
fa.js;2347543057;1;1585570622;
fi.js;395470206;1;1585570622;
fo.js;1103147394;1;1585570622;
fr-ca.js;300600597;1;1585570622;
fr.js;3064609772;1;1585570622;
gl.js;1612594289;1;1585570622;
gu.js;2810033439;1;1585570622;
he.js;7544083;1;1585570622;
hi.js;634008414;1;1585570622;
hr.js;2238350810;1;1585570622;
hu.js;582996354;1;1585570622;
id.js;1207039297;1;1585570622;
is.js;1973872325;1;1585570622;
it.js;2572180971;1;1585570622;
ja.js;853267620;1;1585570622;
ka.js;3986471001;1;1585570622;
km.js;2919081638;1;1585570622;
ko.js;4052017048;1;1585570622;
ku.js;1357227343;1;1585570622;
lt.js;2252078770;1;1585570622;
lv.js;3597213782;1;1585570623;
mk.js;3422035499;1;1585570623;
mn.js;4144232327;1;1585570623;
ms.js;2948668886;1;1585570623;
nb.js;632247475;1;1585570623;
nl.js;1003158477;1;1585570623;
no.js;2309689422;1;1585570623;
oc.js;1435605128;1;1585570623;
pl.js;2972746506;1;1585570623;
pt-br.js;4154756428;1;1585570623;
pt.js;2411597416;1;1585570623;
ro.js;3834412230;1;1585570623;
ru.js;3376724473;1;1585570623;
si.js;1603220170;1;1585570623;
sk.js;2060997230;1;1585570623;
sl.js;3979117834;1;1585570623;
sq.js;3983836469;1;1585570623;
sr-latn.js;1487941338;1;1585570623;
sr.js;3747265199;1;1585570623;
sv.js;2039579507;1;1585570623;
th.js;3587893902;1;1585570623;
tr.js;3582979302;1;1585570972;
tt.js;717249313;1;1585570972;
ug.js;3351267927;1;1585570972;
uk.js;2315615136;1;1585570972;
vi.js;3714130325;1;1585570972;
zh-cn.js;2644383486;1;1585570972;
zh.js;2356464657;1;1585570972;
