SCMBranch=OSP_New
SCMRepository=OSP_New/vbridge_portal/chat/public/ckeditor/plugins/a11yhelp/dialogs/lang
_translationstatus.txt;1264367424;1;1585570351;
af.js;3762223716;1;1585570351;
ar.js;983271109;1;1585570579;
az.js;850757203;1;1585570579;
bg.js;1513133958;1;1585570579;
ca.js;2302575481;1;1585570579;
cs.js;127091386;1;1585570579;
cy.js;3205628952;1;1585570579;
da.js;4174718309;1;1585570579;
de-ch.js;3916720815;1;1585570579;
de.js;3602953996;1;1585570579;
el.js;2199917382;1;1585570579;
en-au.js;4105492351;1;1585570579;
en-gb.js;1313989138;1;1585570579;
en.js;1436381218;1;1585570579;
eo.js;257909470;1;1585570579;
es-mx.js;1975265121;1;1585570579;
es.js;2951351922;1;1585570579;
et.js;2261704608;1;1585570579;
eu.js;1042833988;1;1585570579;
fa.js;474358390;1;1585570579;
fi.js;949706591;1;1585570579;
fo.js;844265627;1;1585570580;
fr-ca.js;1206351718;1;1585570580;
fr.js;3365796056;1;1585570580;
gl.js;3312999161;1;1585570580;
gu.js;429885767;1;1585570580;
he.js;3860245219;1;1585570580;
hi.js;3939061809;1;1585570580;
hr.js;3413593830;1;1585570580;
hu.js;623346085;1;1585570580;
id.js;3868058617;1;1585570580;
it.js;4207732532;1;1585570580;
ja.js;2163207676;1;1585570580;
km.js;241395138;1;1585570580;
ko.js;3456139703;1;1585570580;
ku.js;4259310774;1;1585570580;
lt.js;678072798;1;1585570580;
lv.js;2888595172;1;1585570580;
mk.js;1190316513;1;1585570580;
mn.js;1426636557;1;1585570580;
nb.js;333060895;1;1585570580;
nl.js;1848946600;1;1585570580;
no.js;1846264543;1;1585570580;
oc.js;1721070504;1;1585570580;
pl.js;457311262;1;1585570580;
pt-br.js;2757203500;1;1585570580;
pt.js;2547670877;1;1585570580;
ro.js;2515922411;1;1585570580;
ru.js;452713646;1;1585570580;
si.js;3976217868;1;1585570580;
sk.js;1430706463;1;1585570580;
sl.js;1081664592;1;1585570580;
sq.js;2481619936;1;1585570582;
sr-latn.js;3047397777;1;1585570582;
sr.js;4062633849;1;1585570582;
sv.js;2903905021;1;1585570582;
th.js;479988040;1;1585570968;
tr.js;3431983161;1;1585570968;
tt.js;1368351039;1;1585570968;
ug.js;1592913153;1;1585570968;
uk.js;868732634;1;1585570968;
vi.js;175376414;1;1585570968;
zh-cn.js;1255892590;1;1585570968;
zh.js;289241141;1;1585570968;
