SCMBranch=OSP_New
SCMRepository=OSP_New/vbridge_portal/administrator/easyui/themes/default
accordion.css;3298676548;1;1468918976;
calendar.css;611338358;1;1468918976;
combo.css;3466314649;1;1468918976;
combobox.css;1706342381;1;1468918976;
datagrid.css;2865174605;1;1468918976;
datalist.css;3314703719;1;1468918976;
datebox.css;3463103781;1;1468918976;
dialog.css;1261492127;1;1468918976;
easyui.css;369740587;1;1511990392;
filebox.css;2976268252;1;1468918976;
layout.css;1328717159;1;1468918976;
linkbutton.css;3571880146;1;1468918976;
menu.css;3556313150;1;1468918976;
menubutton.css;3750318322;1;1468918976;
messager.css;549999319;1;1468918976;
numberbox.css;4294967295;1;1468918976;
pagination.css;195752911;1;1468918976;
panel.css;3515629277;1;1468918976;
passwordbox.css;3656197494;1;1468918976;
progressbar.css;437407212;1;1468918976;
propertygrid.css;1542990188;1;1468918976;
searchbox.css;2414068802;1;1468918976;
slider.css;389400183;1;1468918976;
spinner.css;4044791352;1;1468918976;
splitbutton.css;371684374;1;1468918976;
switchbutton.css;743310564;1;1468918976;
tabs.css;830403038;1;1468918976;
textbox.css;2331952146;1;1468918976;
tooltip.css;281734612;1;1468918976;
tree.css;1091607085;1;1468918976;
validatebox.css;1956364022;1;1468918976;
window.css;3142119586;1;1468918976;
