SCMBranch=OSP_New
SCMRepository=OSP_New/vbridge_portal/chat/public/components/ckeditor/plugins/a11yhelp/dialogs/lang
_translationstatus.txt;3923824701;1;1585570354;
af.js;1929387993;1;1585570355;
ar.js;460729262;1;1585570617;
az.js;941107791;1;1585570617;
bg.js;749338715;1;1585570617;
ca.js;3704482388;1;1585570617;
cs.js;569857741;1;1585570617;
cy.js;2130984511;1;1585570617;
da.js;2738870193;1;1585570617;
de-ch.js;4098770668;1;1585570617;
de.js;3572507501;1;1585570617;
el.js;900816887;1;1585570617;
en-gb.js;346827069;1;1585570617;
en.js;323698018;1;1585570617;
eo.js;558733888;1;1585570617;
es-mx.js;4226039583;1;1585570617;
es.js;2108547557;1;1585570617;
et.js;3891545788;1;1585570617;
eu.js;531431043;1;1585570617;
fa.js;2592306354;1;1585570617;
fi.js;2902935800;1;1585570617;
fo.js;3393604709;1;1585570617;
fr-ca.js;2522030496;1;1585570617;
fr.js;2402382128;1;1585570618;
gl.js;2168764816;1;1585570618;
gu.js;460426296;1;1585570618;
he.js;2922606734;1;1585570618;
hi.js;3702330805;1;1585570618;
hr.js;474749363;1;1585570618;
hu.js;3519077209;1;1585570618;
id.js;1378914850;1;1585570618;
it.js;3228309996;1;1585570618;
ja.js;47255867;1;1585570618;
km.js;1655873942;1;1585570618;
ko.js;548960073;1;1585570618;
ku.js;626528828;1;1585570618;
lt.js;1433574123;1;1585570618;
lv.js;3101106877;1;1585570618;
mk.js;1462211582;1;1585570618;
mn.js;437214942;1;1585570618;
nb.js;3813208003;1;1585570618;
nl.js;1439893556;1;1585570618;
no.js;3661729278;1;1585570618;
oc.js;72266558;1;1585570618;
pl.js;2121097366;1;1585570618;
pt-br.js;1132270132;1;1585570618;
pt.js;3036504344;1;1585570618;
ro.js;3257527008;1;1585570618;
ru.js;3817578493;1;1585570618;
si.js;3142240303;1;1585570618;
sk.js;3244496039;1;1585570618;
sl.js;510016992;1;1585570618;
sq.js;2874994678;1;1585570618;
sr-latn.js;505960707;1;1585570618;
sr.js;2832929878;1;1585570619;
sv.js;1482790361;1;1585570619;
th.js;1478949888;1;1585570972;
tr.js;591905343;1;1585570972;
tt.js;2643755449;1;1585570972;
ug.js;3256843420;1;1585570972;
uk.js;1954692813;1;1585570972;
vi.js;3397604666;1;1585570972;
zh-cn.js;413344092;1;1585570972;
zh.js;1543414847;1;1585570972;
