SCMBranch=OSP_New
SCMRepository=OSP_New/vbridge_portal/administrator/components/com_virtuemart/assets/images/vmsampleimages/product
cart_logo.jpg;1778485791;1;1541416688;
coat1.png;2052927934;1;1541416688;
hat1.png;3452879837;1;1541416688;
hat2.png;2755003132;1;1541416688;
hat3.png;199852224;1;1541416688;
shirt1.png;3336658578;1;1541416688;
shirt2.png;2614441899;1;1541416688;
skirt1.png;1061433120;1;1541416688;
skirt2.png;933531600;1;1541416688;
tshirt5.png;2969518602;1;1541416688;
tshirt8.png;4011146596;1;1541416688;
