SCMBranch=OSP_New
SCMRepository=OSP_New/vbridge_portal/administrator/components/com_virtuemart/helpers
adminui.php;2459486910;1;1541416688;
calculationh.php;121758228;1;1541416688;
config.php;2627205424;1;1541416688;
connection.php;3274651610;1;1541416688;
creditcard.php;2371883718;1;1541416688;
currencydisplay.php;2250495236;1;1541416688;
html.php;1804861384;1;1541416688;
image.php;1964361892;1;1541416688;
img2thumb.php;3790970334;1;1541416688;
index.html;4294967295;1;1431605394;
mediahandler.php;4171944096;1;1541416688;
migrator.php;3009029481;1;1541416688;
password_compat.php;1020945186;1;1456226826;
shopfunctions.php;3580509491;1;1541416688;
tableupdater.php;1370283409;1;1541416688;
vmcontroller.php;514147895;1;1541416688;
vmcrypt.php;3016635391;1;1541416688;
vmdefines.php;1012730544;1;1541416688;
vmfilter.php;320441467;1;1541416688;
vmjsapi.php;3109184372;1;1541416688;
vmlanguage.php;4144827553;1;1541416688;
vmmodel.php;1312308756;1;1541416688;
vmpagination.php;971959198;1;1541416688;
vmrss.php;1780394626;1;1541416688;
vmtable.php;2704384853;1;1541416688;
vmtabledata.php;1859331368;1;1541416688;
vmtablexarray.php;240003394;1;1541416688;
vmtext.php;1068307626;1;1541416688;
vmuploader.php;2077670186;1;1541416688;
vmviewadmin.php;4174726105;1;1541416688;
vobject.php;2601093936;1;1541416688;
vrequest.php;3392513928;1;1541416688;
