SCMBranch=OSP_New
SCMRepository=OSP_New/vbridge_portal/administrator/components/com_virtuemart/models
calc.php;290064811;1;1541416688;
category.php;4091594365;1;1541416688;
config.php;2900221;1;1541416688;
country.php;582651045;1;1541416688;
coupon.php;4147451521;1;1541416688;
currency.php;1675560188;1;1541416688;
custom.php;1460926724;1;1541416688;
customfields.php;592019911;1;1541416688;
index.html;1864180681;1;1431605384;
inventory.php;2289272567;1;1541416688;
invoice.php;1306132796;1;1541416688;
manufacturer.php;1961908283;1;1541416688;
manufacturercategories.php;4170825272;1;1541416688;
media.php;2307984450;1;1541416688;
orders.php;319005091;1;1541416688;
orderstatus.php;2293038405;1;1541416688;
paymentmethod.php;1743644172;1;1541416688;
product.php;1018787913;1;1541416688;
ratings.php;797406960;1;1541416688;
report.php;231544944;1;1541416688;
shipmentmethod.php;1591077041;1;1541416688;
shoppergroup.php;2952263981;1;1541416688;
state.php;3409206879;1;1541416688;
updatesmigration.php;1277856734;1;1541416688;
user.php;1550491254;1;1541416688;
userfields.php;527733606;1;1541416688;
vendor.php;2680632366;1;1541416688;
virtuemart.php;3550590398;1;1541416688;
waitinglist.php;1408212676;1;1541416688;
worldzones.php;770611494;1;1541416688;
