SCMBranch=OSP_New
SCMRepository=OSP_New/vbridge_portal/administrator/components/com_virtuemart/tables
calcs.php;1915709692;1;1541416688;
calc_categories.php;3677358353;1;1541416688;
calc_countries.php;2043283442;1;1541416688;
calc_manufacturers.php;2623201575;1;1541416688;
calc_shoppergroups.php;4203847756;1;1541416688;
calc_states.php;465431228;1;1541416688;
carts.php;987523945;1;1541416688;
categories.php;1308293261;1;1541416688;
category_categories.php;3521271695;1;1541416688;
category_medias.php;828694335;1;1541416688;
configs.php;4293027869;1;1541416688;
countries.php;3570183141;1;1541416688;
coupons.php;157667344;1;1541416688;
currencies.php;2387063077;1;1541416688;
customs.php;3724134791;1;1541416688;
index.html;4294967295;1;1431605398;
invoices.php;279457003;1;1541416688;
languages.php;611798475;1;1541416688;
manufacturercategories.php;3827529133;1;1541416688;
manufacturers.php;3951832990;1;1541416688;
manufacturer_medias.php;1239090777;1;1541416688;
medias.php;1386104921;1;1541416688;
orders.php;2018724023;1;1541416688;
orderstates.php;3045961111;1;1541416688;
order_calc_rules.php;573589500;1;1541416688;
order_histories.php;2442380639;1;1541416688;
order_items.php;1559203403;1;1541416688;
order_item_histories.php;2008625015;1;1541416688;
order_userinfos.php;3837334345;1;1541416688;
paymentmethods.php;3106595783;1;1541416688;
paymentmethod_shoppergroups.php;617005289;1;1541416688;
products.php;1203357494;1;1541416688;
product_categories.php;2661947979;1;1541416688;
product_customfields.php;3356675623;1;1541416688;
product_manufacturers.php;818369675;1;1541416688;
product_medias.php;2068709669;1;1541416688;
product_prices.php;27719467;1;1541416688;
product_shoppergroups.php;2398805539;1;1541416688;
ratings.php;1662030221;1;1541416688;
rating_reviews.php;2147620104;1;1541416688;
rating_votes.php;4024229181;1;1541416688;
reports.php;3975259432;1;1541416688;
shipmentmethods.php;3178699400;1;1541416688;
shipmentmethod_shoppergroups.php;15119656;1;1541416688;
shoppergroups.php;2447813642;1;1541416688;
states.php;3572866856;1;1541416688;
userfields.php;2535168562;1;1541416688;
userfield_values.php;4228023580;1;1541416688;
userinfos.php;2530093362;1;1541416688;
vendors.php;3505083734;1;1541416688;
vendor_medias.php;2913073261;1;1541416688;
vendor_users.php;1749919924;1;1541416688;
vmusers.php;3143312216;1;1541416688;
vmuser_shoppergroups.php;3624877626;1;1541416688;
waitingusers.php;1369593721;1;1541416688;
worldzones.php;774829088;1;1541416688;
