SCMBranch=OSP_New
SCMRepository=OSP_New/vbridge_portal/chat/public/components/bootstrap/less
.csscomb.json;2036278389;1;1585570353;
.csslintrc;1682751059;1;1585570353;
alerts.less;2665928054;1;1585570353;
badges.less;3167493518;1;1585570608;
bootstrap.less;2278621641;1;1585570608;
breadcrumbs.less;267116755;1;1585570608;
button-groups.less;3791914417;1;1585570608;
buttons.less;1998139414;1;1585570608;
carousel.less;2495518553;1;1585570608;
close.less;3391768637;1;1585570608;
code.less;2611116122;1;1585570608;
component-animations.less;1352137235;1;1585570608;
dropdowns.less;4063372351;1;1585570608;
forms.less;2998294048;1;1585570608;
glyphicons.less;147872891;1;1585570608;
grid.less;3283935243;1;1585570608;
input-groups.less;2192025026;1;1585570608;
jumbotron.less;1897195227;1;1585570608;
labels.less;100048661;1;1585570608;
list-group.less;1032653744;1;1585570608;
media.less;823504381;1;1585570608;
mixins.less;4089701379;1;1585570608;
modals.less;79258654;1;1585570608;
navbar.less;574137817;1;1585570608;
navs.less;603682316;1;1585570608;
normalize.less;3985304798;1;1585570608;
pager.less;795263625;1;1585570608;
pagination.less;2006300345;1;1585570608;
panels.less;3525900010;1;1585570608;
popovers.less;2152312332;1;1585570608;
print.less;3904138770;1;1585570609;
progress-bars.less;3750826476;1;1585570609;
responsive-embed.less;2557129732;1;1585570609;
responsive-utilities.less;2519475559;1;1585570609;
scaffolding.less;2064011221;1;1585570609;
tables.less;3792149899;1;1585570609;
theme.less;439411215;1;1585570970;
thumbnails.less;1756083371;1;1585570970;
tooltip.less;3523757838;1;1585570970;
type.less;1803286219;1;1585570970;
utilities.less;3464478086;1;1585570970;
variables.less;3738128465;1;1585570970;
wells.less;4137554852;1;1585570970;
