SCMBranch=OSP_New
SCMRepository=OSP_New/vbridge_portal/administrator/components/com_jce/models
commands.xml;3137699966;1;1446087418;
config.php;2194350495;1;1446087418;
config.xml;2156745504;1;1446087418;
cpanel.php;235662710;1;1446087418;
cpanel.xml;477530538;1;1446087418;
editor.php;2987861332;1;1446087418;
help.php;2870099875;1;1446087418;
help.xml;340221846;1;1446087420;
index.html;1864180681;1;1446087422;
installer.php;381234680;1;1446087420;
installer.xml;2952492615;1;1446087420;
mediabox.php;3473273539;1;1446087420;
mediabox.xml;3760930688;1;1446087420;
model.php;1531180462;1;1446087420;
plugins.php;214533367;1;1446087420;
plugins.xml;3836769122;1;1446087420;
preferences.php;1284821990;1;1446087420;
preferences.xml;2290393572;1;1446087420;
profiles.php;2444730219;1;1446087420;
profiles.xml;271610202;1;1446087420;
updates.php;1053779809;1;1446087420;
users.php;2550906615;1;1446087420;
