SCMBranch=OSP_New
SCMRepository=OSP_New/vbridge_portal/case_studies
0_DUMMY2.pdf;2730662664;1;1555590914;
0_Jenkins.docx;225270295;1;1555590852;
11_dummy_word_document.docx;4294967295;1;1553081554;
18_DUMMY2.pdf;2730662664;1;1564401716;
18_dummy_logo.jpg;2430160250;1;1564401690;
18_logo.png;2367678747;1;1564401662;
19_dummy.pdf;3028230890;1;1564403566;
19_logo.png;2367678747;1;1564403592;
1_add_project_plan_sample.xlsx;3707484838;1;1551096896;
1_Desert.jpg;427173548;1;1573551844;
1_dummy.pdf;3028230890;1;1574247446;
1_DUMMY2.pdf;2730662664;1;1574247352;
1_dummy_word_document.docx;4294967295;1;1550733454;
1_Hydrangeas.jpg;1177510659;1;1550727608;
1_Penguins.jpg;3690784205;1;1574240787;
1_Screenshot_1.jpg;1786522717;1;1551329538;
22_dummy.pdf;3028230890;1;1553484384;
24_dummy.pdf;3028230890;1;1563167880;
24_dummy_logo.jpg;2430160250;1;1563167964;
29_dummy_word_document.docx;4294967295;1;1554190646;
2_customer_three.jpg;3822400500;1;1571901014;
2_DUMMY2.pdf;2730662664;1;1550728196;
2_dummy_word_document.docx;4294967295;1;1550733886;
2_images (2).jpg;2488934229;1;1551330074;
2_images (4).jpg;3376407899;1;1551330104;
2_Lighthouse.jpg;1555538595;1;1571561180;
2_Penguins.jpg;3690784205;1;1571556154;
2_Screenshot_1.jpg;1786522717;1;1551154040;
38_DUMMY2.pdf;2730662664;1;1565342230;
38_dummy_logo.jpg;2430160250;1;1564459926;
39_dummy_logo.jpg;2430160250;1;1564460116;
3_404-error-page-templates.jpg;876162459;1;1563529428;
3_add_project_plan_sample.xlsx;3707484838;1;1553843244;
3_add_project_plan_sample_xls.xlsx;957632606;1;1550734382;
3_dummy-logo.png;600036032;1;1556097810;
3_dummy.pdf;3028230890;1;1574309487;
3_DUMMY2.pdf;2730662664;1;1574309508;
3_dummy_logo.jpg;2430160250;1;1555997158;
3_dummy_word_document.docx;4294967295;1;1557824068;
3_images (6).jpg;1926606533;1;1553844566;
3_logo-dark.png;1159182686;1;1556097722;
3_SaaS Performance Appraisal-4th  Qtr -18-19.xls;2691699602;1;1557737610;
3_Screenshot_1.jpg;1786522717;1;1556097894;
40_DUMMY2.pdf;2730662664;1;1564460344;
41_logo.png;2367678747;1;1564460568;
42_DUMMY2.pdf;2730662664;1;1564460786;
43_DUMMY2.pdf;2730662664;1;1564461112;
44_DUMMY2.pdf;2730662664;1;1564461690;
45_logo.png;2367678747;1;1564461962;
46_DUMMY2.pdf;2730662664;1;1564462254;
47_dummy.pdf;3028230890;1;1564462534;
4_dummy.pdf;3028230890;1;1551335148;
4_DUMMY2.pdf;2730662664;1;1559646790;
4_dummy_word_document.docx;4294967295;1;1551335168;
57_Reobee Issues.xls;3316428056;1;1557490958;
57_SaaS Performance Appraisal-4th  Qtr -18-19.xls;2691699602;1;1557490944;
5_add_project_plan_sample.xlsx;2155312866;1;1550226294;
5_Chrysanthemum.jpg;2180020089;1;1572004742;
5_Desert.jpg;427173548;1;1571397260;
5_dummy.pdf;3028230890;1;1569482666;
5_DUMMY2.pdf;2730662664;1;1568878558;
5_dummy_logo.jpg;2430160250;1;1563791210;
5_dummy_word_document.docx;4294967295;1;1550226310;
5_Koala.jpg;3823680073;1;1571398454;
5_Lighthouse.jpg;1555538595;1;1571403278;
5_logo_one.jpg;2430160250;1;1569825164;
5_logo_three.png;2367678747;1;1569476312;
5_logo_two.jpg;876162459;1;1569481582;
5_Penguins.jpg;3690784205;1;1571397658;
5_Screenshot_1.jpg;1786522717;1;1551155582;
5_Tulips.jpg;1499352104;1;1571397466;
5_vbridgehub-advertisement-v1.png;2885197754;1;1570110592;
5_vbridge_logo_new.png;3839303116;1;1563800624;
5_Vinayak.xlsx;2121699630;1;1569492678;
62_0_FarmData_sample (3).xlsx;561745370;1;1558086784;
62_IMG_13122018_153528_0.png;3811284671;1;1558086802;
6_dummy_logo.jpg;2430160250;1;1564148530;
7_add_project_plan_sample.xlsx;3707484838;1;1551274272;
7_dummy_word_document.docx;4294967295;1;1551274292;
87_add_project_plan_sample.xls;1014182440;1;1562584756;
8_dummy.pdf;3028230890;1;1564153570;
8_dummy_logo.jpg;2430160250;1;1564377866;
9_DUMMY2.pdf;2730662664;1;1564155160;
dummy_document_image.png;2013782870;1;1550210654;
dummy_document_image_2.png;4117188893;1;1550211558;
dummy_pdf_image.png;1073269975;1;1550209510;
dummy_pdf_image_2.png;1112262131;1;1550210104;
dummy_pdf_image_3.png;3697130142;1;1550211994;
excel_dummy_image.png;3849487971;1;1550211128;
excel_dummy_image_2.png;2734600791;1;1550211716;
