SCMBranch=OSP_New
SCMRepository=OSP_New/vbridge_portal/administrator/components/com_customtables/libraries/codemirror/theme
3024-day.css;2180848920;1;1543236960;
3024-night.css;3506775564;1;1543236960;
abcdef.css;1393718317;1;1543236960;
ambiance-mobile.css;2826516754;1;1543236960;
ambiance.css;3125665749;1;1543236960;
base16-dark.css;1210600262;1;1543236960;
base16-light.css;1459854640;1;1543236960;
bespin.css;1851528135;1;1543236960;
blackboard.css;3205726406;1;1543236960;
cobalt.css;144778102;1;1543236960;
colorforth.css;3444481147;1;1543236960;
darcula.css;1796627019;1;1543236960;
dracula.css;252845102;1;1543236960;
duotone-dark.css;3155517542;1;1543236960;
duotone-light.css;3411147640;1;1543236960;
eclipse.css;3845967584;1;1543236960;
elegant.css;4223162056;1;1543236960;
erlang-dark.css;3893204907;1;1543236960;
gruvbox-dark.css;1447461418;1;1543236960;
hopscotch.css;3848845437;1;1543236960;
icecoder.css;1915979148;1;1543236960;
idea.css;819183523;1;1543236960;
isotope.css;171529460;1;1543236960;
lesser-dark.css;854322644;1;1543236960;
liquibyte.css;1861181390;1;1543236960;
lucario.css;2058400085;1;1543236960;
material.css;2554416572;1;1543236960;
mbo.css;2321637471;1;1543236960;
mdn-like.css;3094993165;1;1543236960;
midnight.css;1267688040;1;1543236960;
monokai.css;2980105422;1;1543236960;
neat.css;1176319927;1;1543236960;
neo.css;711462688;1;1543236960;
night.css;571412181;1;1543236960;
oceanic-next.css;3738327717;1;1543236960;
panda-syntax.css;4276929211;1;1543236960;
paraiso-dark.css;2167834493;1;1543236960;
paraiso-light.css;3005714462;1;1543236960;
pastel-on-dark.css;2141228692;1;1543236960;
railscasts.css;247486794;1;1543236960;
rubyblue.css;3443559226;1;1543236960;
seti.css;3650418449;1;1543236960;
shadowfox.css;3595835252;1;1543236960;
solarized.css;3820818419;1;1543236960;
ssms.css;1298253578;1;1543236960;
the-matrix.css;1510559260;1;1543236960;
tomorrow-night-bright.css;4174942560;1;1543236960;
tomorrow-night-eighties.css;1590970628;1;1543236960;
ttcn.css;162475582;1;1543236960;
twilight.css;2282009816;1;1543236960;
vibrant-ink.css;3923845572;1;1543236960;
xq-dark.css;3201963345;1;1543236960;
xq-light.css;3565452179;1;1543236960;
yeti.css;1113638733;1;1543236960;
zenburn.css;1919923228;1;1543236960;
