SCMBranch=OSP_New
SCMRepository=OSP_New/vbridge_portal/chat/public/components/ckeditor/plugins/codesnippet/lib/highlight/styles
arta.css;2663524022;1;1585570626;
ascetic.css;1607440560;1;1585570626;
atelier-dune.dark.css;3174200867;1;1585570626;
atelier-dune.light.css;1513956373;1;1585570626;
atelier-forest.dark.css;2189097741;1;1585570626;
atelier-forest.light.css;3787214656;1;1585570626;
atelier-heath.dark.css;4056916082;1;1585570626;
atelier-heath.light.css;2305942050;1;1585570626;
atelier-lakeside.dark.css;2468109466;1;1585570626;
atelier-lakeside.light.css;55890011;1;1585570626;
atelier-seaside.dark.css;4024414025;1;1585570626;
atelier-seaside.light.css;1155634831;1;1585570626;
brown_paper.css;3198247735;1;1585570626;
brown_papersq.png;1689803087;1;1585570626;
dark.css;3981595622;1;1585570626;
default.css;4274709060;1;1585570626;
docco.css;2731589637;1;1585570626;
far.css;935620529;1;1585570626;
foundation.css;2973474318;1;1585570627;
github.css;924070649;1;1585570627;
googlecode.css;1018441515;1;1585570627;
idea.css;2195129942;1;1585570627;
ir_black.css;621830577;1;1585570627;
magula.css;1765809131;1;1585570627;
mono-blue.css;1537545456;1;1585570627;
monokai.css;3081295084;1;1585570627;
monokai_sublime.css;1052166666;1;1585570627;
obsidian.css;2483648813;1;1585570627;
paraiso.dark.css;1268984415;1;1585570627;
paraiso.light.css;1251852527;1;1585570627;
pojoaque.css;542380950;1;1585570627;
pojoaque.jpg;3410594460;1;1585570627;
railscasts.css;3848632167;1;1585570627;
rainbow.css;1744510289;1;1585570627;
school_book.css;4237345607;1;1585570627;
school_book.png;2601652099;1;1585570627;
solarized_dark.css;1060494771;1;1585570627;
solarized_light.css;1200507263;1;1585570627;
sunburst.css;2420348796;1;1585570627;
tomorrow-night-blue.css;1501411827;1;1585570973;
tomorrow-night-bright.css;418379161;1;1585570973;
tomorrow-night-eighties.css;4250852533;1;1585570973;
tomorrow-night.css;528142036;1;1585570973;
tomorrow.css;1990475434;1;1585570973;
vs.css;2961489809;1;1585570973;
xcode.css;3543093012;1;1585570973;
zenburn.css;2639817074;1;1585570973;
