SCMBranch=OSP_New
SCMRepository=OSP_New/vbridge_portal/administrator/components/com_acymailing/controllers
bounces.php;1305230658;1;1446087290;
chooselist.php;2593025849;1;1446087290;
cpanel.php;250033461;1;1446087290;
dashboard.php;581865523;1;1446087290;
data.php;1579202720;1;1446087290;
editor.php;4241255233;1;1446087290;
email.php;1010991067;1;1446087290;
fields.php;3293343956;1;1446087290;
file.php;372065334;1;1446087290;
filter.php;2086388738;1;1446087290;
index.html;1864180681;1;1446087290;
list.php;2919931930;1;1446087290;
newsletter.php;2845864383;1;1446087290;
notification.php;2649780336;1;1446087290;
queue.php;1060832559;1;1446087290;
send.php;1632047244;1;1446087290;
stats.php;2258290419;1;1446087290;
subscriber.php;1447745715;1;1446087290;
tag.php;4047104560;1;1446087290;
template.php;1468803979;1;1446087290;
toggle.php;152217533;1;1446087290;
update.php;29677756;1;1446087290;
