SCMBranch=OSP_New
SCMRepository=OSP_New/vbridge_portal/chat/public/components/Ionicons/src
alert-circled.svg;1092506539;1;1585570359;
alert.svg;2132027220;1;1585570359;
android-add-circle.svg;3622974463;1;1585570359;
android-add.svg;2718563160;1;1585570359;
android-alarm-clock.svg;783948133;1;1585570359;
android-alert.svg;3633954669;1;1585570359;
android-apps.svg;1958631629;1;1585570359;
android-archive.svg;930852997;1;1585570359;
android-arrow-back.svg;1744834272;1;1585570359;
android-arrow-down.svg;1466927873;1;1585570359;
android-arrow-dropdown-circle.svg;325066458;1;1585570359;
android-arrow-dropdown.svg;2888742;1;1585570359;
android-arrow-dropleft-circle.svg;1062026435;1;1585570359;
android-arrow-dropleft.svg;17305239;1;1585570359;
android-arrow-dropright-circle.svg;2861714349;1;1585570359;
android-arrow-dropright.svg;3461812191;1;1585570359;
android-arrow-dropup-circle.svg;522615460;1;1585570359;
android-arrow-dropup.svg;718293878;1;1585570359;
android-arrow-forward.svg;1620622093;1;1585570359;
android-arrow-up.svg;3146180709;1;1585570359;
android-attach.svg;4110087514;1;1585570359;
android-bar.svg;1341458951;1;1585570359;
android-bicycle.svg;2334242840;1;1585570361;
android-boat.svg;2649135699;1;1585570361;
android-bookmark.svg;3275190830;1;1585570756;
android-calendar.svg;3698935315;1;1585570756;
android-call.svg;2832245934;1;1585570756;
android-camera.svg;4090921037;1;1585570756;
android-cancel.svg;2419010074;1;1585570756;
android-car.svg;320291175;1;1585570756;
android-cart.svg;164023090;1;1585570756;
android-chat.svg;708792928;1;1585570756;
android-checkbox-blank.svg;2326844678;1;1585570756;
android-checkbox-outline-blank.svg;4060667766;1;1585570756;
android-checkbox-outline.svg;183396045;1;1585570756;
android-checkbox.svg;187199675;1;1585570756;
android-checkmark-circle.svg;663628876;1;1585570756;
android-clipboard.svg;3507547228;1;1585570756;
android-close.svg;3025861390;1;1585570756;
android-cloud-circle.svg;146775468;1;1585570757;
android-cloud-done.svg;747551997;1;1585570757;
android-cloud-outline.svg;2075277989;1;1585570757;
android-cloud.svg;1846994551;1;1585570757;
android-color-palette.svg;1118972586;1;1585570757;
android-compass.svg;260799834;1;1585570757;
android-contact.svg;567170230;1;1585570757;
android-contacts.svg;295649199;1;1585570757;
android-contract.svg;2206555270;1;1585570757;
android-create.svg;3400384585;1;1585570757;
android-delete.svg;1357724284;1;1585570757;
android-desktop.svg;2973328346;1;1585570757;
android-document.svg;346195057;1;1585570757;
android-done-all.svg;1173703815;1;1585570757;
android-done.svg;2923933917;1;1585570757;
android-download.svg;717780882;1;1585570757;
android-drafts.svg;3900283010;1;1585570757;
android-exit.svg;2996585557;1;1585570757;
android-expand.svg;1623691845;1;1585570757;
android-favorite-outline.svg;2627840160;1;1585570757;
android-favorite.svg;1347282900;1;1585570757;
android-film.svg;2659731843;1;1585570757;
android-folder-open.svg;160719422;1;1585570757;
android-folder.svg;2420449918;1;1585570757;
android-funnel.svg;1201286215;1;1585570757;
android-globe.svg;2754145414;1;1585570757;
android-hand.svg;4060843514;1;1585570757;
android-hangout.svg;1016260041;1;1585570757;
android-happy.svg;476606505;1;1585570757;
android-home.svg;2243005455;1;1585570757;
android-image.svg;1212498334;1;1585570757;
android-laptop.svg;3775246763;1;1585570758;
android-list.svg;3386587716;1;1585570758;
android-locate.svg;1882899166;1;1585570758;
android-lock.svg;4287604886;1;1585570758;
android-mail.svg;3032025642;1;1585570758;
android-map.svg;4092099039;1;1585570758;
android-menu.svg;1097661190;1;1585570758;
android-microphone-off.svg;3614461513;1;1585570758;
android-microphone.svg;1932231334;1;1585570758;
android-more-horizontal.svg;255739985;1;1585570758;
android-more-vertical.svg;2953388762;1;1585570758;
android-navigate.svg;2859019204;1;1585570758;
android-notifications-none.svg;3665241634;1;1585570758;
android-notifications-off.svg;305233884;1;1585570758;
android-notifications.svg;1158743987;1;1585570758;
android-open.svg;1947042557;1;1585570758;
android-options.svg;1803699966;1;1585570758;
android-people.svg;2589677919;1;1585570759;
android-person-add.svg;3575931816;1;1585570759;
android-person.svg;1870693578;1;1585570759;
android-phone-landscape.svg;4047800374;1;1585570759;
android-phone-portrait.svg;2656026290;1;1585570759;
android-pin.svg;4064060609;1;1585570759;
android-plane.svg;3948812828;1;1585570759;
android-playstore.svg;538846652;1;1585570759;
android-print.svg;3762209172;1;1585570759;
android-radio-button-off.svg;76619614;1;1585570759;
android-radio-button-on.svg;1544422123;1;1585570759;
android-refresh.svg;701460863;1;1585570759;
android-remove-circle.svg;3712349309;1;1585570759;
android-remove.svg;1331145997;1;1585570759;
android-restaurant.svg;2928499824;1;1585570760;
android-sad.svg;3518073087;1;1585570760;
android-search.svg;1562347134;1;1585570760;
android-send.svg;901655717;1;1585570760;
android-settings.svg;2581280607;1;1585570760;
android-share-alt.svg;3489094163;1;1585570760;
android-share.svg;3401519133;1;1585570760;
android-star-half.svg;1637621671;1;1585570760;
android-star-outline.svg;3601143394;1;1585570760;
android-star.svg;3119456228;1;1585570760;
android-stopwatch.svg;4040814487;1;1585570760;
android-subway.svg;3312015545;1;1585570760;
android-sunny.svg;3002666310;1;1585570760;
android-sync.svg;2419445542;1;1585570760;
android-textsms.svg;1417889857;1;1585570760;
android-time.svg;1861916613;1;1585570760;
android-train.svg;727965621;1;1585570760;
android-unlock.svg;1743145755;1;1585570760;
android-upload.svg;4140743195;1;1585570760;
android-volume-down.svg;2813734747;1;1585570760;
android-volume-mute.svg;1959558147;1;1585570760;
android-volume-off.svg;3377876456;1;1585570760;
android-volume-up.svg;10226999;1;1585570760;
android-walk.svg;455781866;1;1585570760;
android-warning.svg;1058253024;1;1585570760;
android-watch.svg;1901718638;1;1585570760;
android-wifi.svg;1301031576;1;1585570760;
aperture.svg;2228990407;1;1585570760;
archive.svg;792917484;1;1585570760;
arrow-down-a.svg;1981761343;1;1585570760;
arrow-down-b.svg;3723454531;1;1585570760;
arrow-down-c.svg;747935402;1;1585570761;
arrow-expand.svg;22406057;1;1585570761;
arrow-graph-down-left.svg;523123236;1;1585570761;
arrow-graph-down-right.svg;3775102899;1;1585570761;
arrow-graph-up-left.svg;1193029352;1;1585570761;
arrow-graph-up-right.svg;4268173112;1;1585570761;
arrow-left-a.svg;2176159334;1;1585570761;
arrow-left-b.svg;3928816829;1;1585570761;
arrow-left-c.svg;2391417457;1;1585570761;
arrow-move.svg;1330170860;1;1585570761;
arrow-resize.svg;3651999619;1;1585570761;
arrow-return-left.svg;3061647351;1;1585570761;
arrow-return-right.svg;200685445;1;1585570761;
arrow-right-a.svg;894235259;1;1585570761;
arrow-right-b.svg;1139239628;1;1585570761;
arrow-right-c.svg;4264412732;1;1585570761;
arrow-shrink.svg;2717814482;1;1585570761;
arrow-swap.svg;2871892975;1;1585570761;
arrow-up-a.svg;2452508560;1;1585570761;
arrow-up-b.svg;349401410;1;1585570761;
arrow-up-c.svg;3407129767;1;1585570761;
asterisk.svg;3522466473;1;1585570761;
at.svg;3548783131;1;1585570761;
backspace-outline.svg;872633500;1;1585570761;
backspace.svg;4166508930;1;1585570761;
bag.svg;3642920961;1;1585570761;
battery-charging.svg;507647008;1;1585570761;
battery-empty.svg;1944668783;1;1585570761;
battery-full.svg;3748438677;1;1585570761;
battery-half.svg;2568645354;1;1585570761;
battery-low.svg;258591139;1;1585570761;
beaker.svg;1207069180;1;1585570762;
beer.svg;1601967873;1;1585570762;
bluetooth.svg;1983086694;1;1585570762;
bonfire.svg;1423518516;1;1585570762;
bookmark.svg;2892570455;1;1585570762;
bowtie.svg;2995569533;1;1585570762;
briefcase.svg;2608579404;1;1585570762;
bug.svg;1595998618;1;1585570762;
calculator.svg;3035968086;1;1585570762;
calendar.svg;1011827722;1;1585570762;
camera.svg;1581390911;1;1585570762;
card.svg;2429987407;1;1585570762;
cash.svg;1367586102;1;1585570762;
chatbox-working.svg;2958037291;1;1585570762;
chatbox.svg;2557718401;1;1585570762;
chatboxes.svg;3447998318;1;1585570762;
chatbubble-working.svg;2844685141;1;1585570762;
chatbubble.svg;3177111354;1;1585570762;
chatbubbles.svg;260967319;1;1585570762;
checkmark-circled.svg;1022381689;1;1585570762;
checkmark-round.svg;1045989824;1;1585570762;
checkmark.svg;2809853273;1;1585570762;
chevron-down.svg;3361717023;1;1585570762;
chevron-left.svg;2352742629;1;1585570762;
chevron-right.svg;2843552463;1;1585570762;
chevron-up.svg;2026637839;1;1585570762;
clipboard.svg;3132056078;1;1585570762;
clock.svg;2244725925;1;1585570762;
close-circled.svg;3967026366;1;1585570762;
close-round.svg;1111241286;1;1585570762;
close.svg;3714796665;1;1585570762;
closed-captioning.svg;1087079741;1;1585570763;
cloud.svg;4081055445;1;1585570763;
code-download.svg;2442059091;1;1585570763;
code-working.svg;4230359623;1;1585570763;
code.svg;1579023521;1;1585570763;
coffee.svg;1715209307;1;1585570763;
compass.svg;461002921;1;1585570763;
compose.svg;876751093;1;1585570763;
connection-bars.svg;2159783080;1;1585570763;
contrast.svg;1989132990;1;1585570763;
crop.svg;854605252;1;1585570763;
cube.svg;494783860;1;1585570763;
disc.svg;58944745;1;1585570763;
document-text.svg;815011494;1;1585570763;
document.svg;1762055468;1;1585570763;
drag.svg;1321358468;1;1585570763;
earth.svg;3046136034;1;1585570763;
easel.svg;3917633085;1;1585570763;
edit.svg;3104666941;1;1585570763;
egg.svg;4263422163;1;1585570763;
eject.svg;1429448741;1;1585570763;
email-unread.svg;1457659148;1;1585570763;
email.svg;3949522951;1;1585570763;
erlenmeyer-flask-bubbles.svg;3428346576;1;1585570763;
erlenmeyer-flask.svg;2392611472;1;1585570763;
eye-disabled.svg;2829333336;1;1585570763;
eye.svg;315931529;1;1585570763;
female.svg;1166213869;1;1585570763;
filing.svg;3002437846;1;1585570763;
film-marker.svg;385710346;1;1585570763;
fireball.svg;1633934544;1;1585570763;
flag.svg;1843695458;1;1585570765;
flame.svg;3612145876;1;1585570765;
flash-off.svg;1872002735;1;1585570765;
flash.svg;3979775345;1;1585570765;
folder.svg;3218483579;1;1585570765;
fork-repo.svg;3992213387;1;1585570765;
fork.svg;148453399;1;1585570765;
forward.svg;3826304057;1;1585570765;
funnel.svg;4247164019;1;1585570765;
gear-a.svg;4233695206;1;1585570765;
gear-b.svg;1395886630;1;1585570765;
grid.svg;3118104933;1;1585570765;
hammer.svg;2658594943;1;1585570765;
happy-outline.svg;3891440908;1;1585570765;
happy.svg;2928675631;1;1585570765;
headphone.svg;1601139112;1;1585570765;
heart-broken.svg;830528689;1;1585570765;
heart.svg;1931652695;1;1585570765;
help-buoy.svg;4053592703;1;1585570765;
help-circled.svg;2941659772;1;1585570765;
help.svg;614013847;1;1585570765;
home.svg;1851518299;1;1585570765;
icecream.svg;1726451182;1;1585570765;
image.svg;4035908162;1;1585570765;
images.svg;528952179;1;1585570765;
information-circled.svg;3465330014;1;1585570765;
information.svg;3726075348;1;1585570765;
ionic.svg;2614330222;1;1585570765;
ios-alarm-outline.svg;2281919590;1;1585570765;
ios-alarm.svg;31287990;1;1585570765;
ios-albums-outline.svg;1536731902;1;1585570765;
ios-albums.svg;2002850738;1;1585570766;
ios-americanfootball-outline.svg;4114802346;1;1585570766;
ios-americanfootball.svg;3645247998;1;1585570766;
ios-analytics-outline.svg;1868581863;1;1585570766;
ios-analytics.svg;3251625022;1;1585570766;
ios-arrow-back.svg;2675344550;1;1585570766;
ios-arrow-down.svg;1818096257;1;1585570766;
ios-arrow-forward.svg;3573941244;1;1585570766;
ios-arrow-left.svg;3377839480;1;1585570766;
ios-arrow-right.svg;3776021491;1;1585570766;
ios-arrow-thin-down.svg;1214349152;1;1585570766;
ios-arrow-thin-left.svg;657574012;1;1585570766;
ios-arrow-thin-right.svg;3262963865;1;1585570766;
ios-arrow-thin-up.svg;3275661662;1;1585570766;
ios-arrow-up.svg;4290147591;1;1585570766;
ios-at-outline.svg;2766065052;1;1585570766;
ios-at.svg;2736331528;1;1585570766;
ios-barcode-outline.svg;3184998557;1;1585570766;
ios-barcode.svg;414441490;1;1585570766;
ios-baseball-outline.svg;3453576597;1;1585570766;
ios-baseball.svg;231932798;1;1585570766;
ios-basketball-outline.svg;2415060982;1;1585570766;
ios-basketball.svg;4067740898;1;1585570766;
ios-bell-outline.svg;527306119;1;1585570766;
ios-bell.svg;88074927;1;1585570766;
ios-body-outline.svg;1964232206;1;1585570766;
ios-body.svg;1187002895;1;1585570766;
ios-bolt-outline.svg;1705726761;1;1585570766;
ios-bolt.svg;2314399562;1;1585570766;
ios-book-outline.svg;3110396515;1;1585570766;
ios-book.svg;1759670573;1;1585570766;
ios-bookmarks-outline.svg;332837965;1;1585570767;
ios-bookmarks.svg;1459417547;1;1585570767;
ios-box-outline.svg;2315463432;1;1585570767;
ios-box.svg;1693157166;1;1585570767;
ios-briefcase-outline.svg;1798872512;1;1585570767;
ios-briefcase.svg;4282150867;1;1585570767;
ios-browsers-outline.svg;3604956839;1;1585570767;
ios-browsers.svg;1708666768;1;1585570767;
ios-calculator-outline.svg;3165292367;1;1585570767;
ios-calculator.svg;996229257;1;1585570767;
ios-calendar-outline.svg;2380664852;1;1585570767;
ios-calendar.svg;2151273968;1;1585570767;
ios-camera-outline.svg;3535081890;1;1585570767;
ios-camera.svg;1439161120;1;1585570767;
ios-cart-outline.svg;642580285;1;1585570767;
ios-cart.svg;2973522585;1;1585570767;
ios-chatboxes-outline.svg;2109982435;1;1585570767;
ios-chatboxes.svg;2088829217;1;1585570767;
ios-chatbubble-outline.svg;3310867120;1;1585570767;
ios-chatbubble.svg;2725317179;1;1585570767;
ios-checkmark-empty.svg;3498481495;1;1585570767;
ios-checkmark-outline.svg;3688313405;1;1585570767;
ios-checkmark.svg;1201149850;1;1585570767;
ios-circle-filled.svg;3346073705;1;1585570767;
ios-circle-outline.svg;3905733613;1;1585570767;
ios-clock-outline.svg;347738128;1;1585570767;
ios-clock.svg;1031158957;1;1585570767;
ios-close-empty.svg;2145116352;1;1585570767;
ios-close-outline.svg;4146702099;1;1585570767;
ios-close.svg;2064654676;1;1585570767;
ios-cloud-download-outline.svg;2945063857;1;1585570767;
ios-cloud-download.svg;553644623;1;1585570768;
ios-cloud-outline.svg;3011866044;1;1585570768;
ios-cloud-upload-outline.svg;4288015122;1;1585570768;
ios-cloud-upload.svg;3677591315;1;1585570768;
ios-cloud.svg;2808786846;1;1585570768;
ios-cloudy-night-outline.svg;3174087711;1;1585570768;
ios-cloudy-night.svg;2374769589;1;1585570768;
ios-cloudy-outline.svg;2451031850;1;1585570768;
ios-cloudy.svg;2695884396;1;1585570768;
ios-cog-outline.svg;217000717;1;1585570768;
ios-cog.svg;1880502893;1;1585570768;
ios-color-filter-outline.svg;605348473;1;1585570768;
ios-color-filter.svg;1696261972;1;1585570768;
ios-color-wand-outline.svg;3876620184;1;1585570768;
ios-color-wand.svg;4078320512;1;1585570768;
ios-compose-outline.svg;2652362022;1;1585570768;
ios-compose.svg;3878128091;1;1585570768;
ios-contact-outline.svg;4211968793;1;1585570768;
ios-contact.svg;2442461128;1;1585570768;
ios-copy-outline.svg;1261968287;1;1585570768;
ios-copy.svg;3616868113;1;1585570768;
ios-crop-strong.svg;2025048624;1;1585570768;
ios-crop.svg;1381266976;1;1585570768;
ios-download-outline.svg;1810300093;1;1585570768;
ios-download.svg;1198045387;1;1585570768;
ios-drag.svg;3197078934;1;1585570768;
ios-email-outline.svg;1730417723;1;1585570768;
ios-email.svg;4077468266;1;1585570768;
ios-eye-outline.svg;740533281;1;1585570768;
ios-eye.svg;3420264069;1;1585570768;
ios-fastforward-outline.svg;3838285280;1;1585570768;
ios-fastforward.svg;3021771773;1;1585570769;
ios-filing-outline.svg;3668322237;1;1585570769;
ios-filing.svg;1014987167;1;1585570769;
ios-film-outline.svg;4168703421;1;1585570769;
ios-film.svg;2277670569;1;1585570769;
ios-flag-outline.svg;4040409366;1;1585570770;
ios-flag.svg;3800307100;1;1585570770;
ios-flame-outline.svg;2280650550;1;1585570770;
ios-flame.svg;1105336876;1;1585570770;
ios-flask-outline.svg;45525353;1;1585570770;
ios-flask.svg;1827743839;1;1585570770;
ios-flower-outline.svg;769859640;1;1585570770;
ios-flower.svg;3538941742;1;1585570770;
ios-folder-outline.svg;2219486213;1;1585570770;
ios-folder.svg;427967504;1;1585570770;
ios-football-outline.svg;728009338;1;1585570770;
ios-football.svg;804997923;1;1585570770;
ios-game-controller-a-outline.svg;1401991966;1;1585570770;
ios-game-controller-a.svg;3990642235;1;1585570770;
ios-game-controller-b-outline.svg;2781782585;1;1585570770;
ios-game-controller-b.svg;641886349;1;1585570770;
ios-gear-outline.svg;3617728548;1;1585570770;
ios-gear.svg;478750964;1;1585570770;
ios-glasses-outline.svg;2090261948;1;1585570770;
ios-glasses.svg;1386434031;1;1585570770;
ios-grid-view-outline.svg;1747403270;1;1585570770;
ios-grid-view.svg;2117124065;1;1585570770;
ios-heart-outline.svg;235454290;1;1585570770;
ios-heart.svg;3285911365;1;1585570770;
ios-help-empty.svg;1333038691;1;1585570770;
ios-help-outline.svg;4194906786;1;1585570770;
ios-help.svg;2699389183;1;1585570771;
ios-home-outline.svg;3806450281;1;1585570771;
ios-home.svg;500094718;1;1585570771;
ios-infinite-outline.svg;1433290913;1;1585570771;
ios-infinite.svg;1389715289;1;1585570771;
ios-information-empty.svg;2229924991;1;1585570771;
ios-information-outline.svg;3967005698;1;1585570771;
ios-information.svg;1137565055;1;1585570771;
ios-ionic-outline.svg;4114576668;1;1585570771;
ios-keypad-outline.svg;818050137;1;1585570771;
ios-keypad.svg;333155638;1;1585570771;
ios-lightbulb-outline.svg;3813372042;1;1585570771;
ios-lightbulb.svg;744637196;1;1585570771;
ios-list-outline.svg;1046395255;1;1585570771;
ios-list.svg;2244807121;1;1585570771;
ios-location-outline.svg;545696799;1;1585570771;
ios-location.svg;57113124;1;1585570771;
ios-locked-outline.svg;775887803;1;1585570771;
ios-locked.svg;544118669;1;1585570771;
ios-loop-strong.svg;159386357;1;1585570771;
ios-loop.svg;3190175464;1;1585570771;
ios-medical-outline.svg;2332607563;1;1585570771;
ios-medical.svg;1524888681;1;1585570771;
ios-medkit-outline.svg;108874;1;1585570771;
ios-medkit.svg;3099018693;1;1585570771;
ios-mic-off.svg;3754234046;1;1585570771;
ios-mic-outline.svg;3090192237;1;1585570771;
ios-mic.svg;1458759103;1;1585570771;
ios-minus-empty.svg;2905576003;1;1585570771;
ios-minus-outline.svg;4283841049;1;1585570771;
ios-minus.svg;1612502209;1;1585570771;
ios-monitor-outline.svg;3367993328;1;1585570772;
ios-monitor.svg;2993349408;1;1585570772;
ios-moon-outline.svg;686655606;1;1585570772;
ios-moon.svg;450743812;1;1585570772;
ios-more-outline.svg;2193573518;1;1585570772;
ios-more.svg;4116914549;1;1585570772;
ios-musical-note.svg;2401326051;1;1585570772;
ios-musical-notes.svg;3072921309;1;1585570772;
ios-navigate-outline.svg;2249942373;1;1585570772;
ios-navigate.svg;4286773635;1;1585570772;
ios-nutrition-outline.svg;3790962637;1;1585570772;
ios-nutrition.svg;2638636560;1;1585570772;
ios-paper-outline.svg;3114942781;1;1585570772;
ios-paper.svg;379584478;1;1585570772;
ios-paperplane-outline.svg;2906057884;1;1585570772;
ios-paperplane.svg;708872138;1;1585570772;
ios-partlysunny-outline.svg;2228844352;1;1585570772;
ios-partlysunny.svg;628786917;1;1585570772;
ios-pause-outline.svg;996394423;1;1585570772;
ios-pause.svg;4271865275;1;1585570772;
ios-paw-outline.svg;1412334933;1;1585570772;
ios-paw.svg;2237905939;1;1585570772;
ios-people-outline.svg;2470157136;1;1585570772;
ios-people.svg;2323946034;1;1585570772;
ios-person-outline.svg;2429435007;1;1585570772;
ios-person.svg;4001406929;1;1585570772;
ios-personadd-outline.svg;3035012040;1;1585570772;
ios-personadd.svg;1811923357;1;1585570772;
ios-photos-outline.svg;3878601718;1;1585570772;
ios-photos.svg;1105229556;1;1585570772;
ios-pie-outline.svg;4257798517;1;1585570772;
ios-pie.svg;3111632687;1;1585570773;
ios-pint-outline.svg;1656039293;1;1585570773;
ios-pint.svg;1135109266;1;1585570773;
ios-play-outline.svg;3206624274;1;1585570773;
ios-play.svg;2411559690;1;1585570773;
ios-plus-empty.svg;774319641;1;1585570773;
ios-plus-outline.svg;2519209688;1;1585570773;
ios-plus.svg;1692775508;1;1585570773;
ios-pricetag-outline.svg;4288711709;1;1585570773;
ios-pricetag.svg;4194875782;1;1585570773;
ios-pricetags-outline.svg;2147327580;1;1585570773;
ios-pricetags.svg;1117024448;1;1585570773;
ios-printer-outline.svg;2797090120;1;1585570773;
ios-printer.svg;1833000743;1;1585570773;
ios-pulse-strong.svg;1085286563;1;1585570773;
ios-pulse.svg;2278997266;1;1585570773;
ios-rainy-outline.svg;629235839;1;1585570773;
ios-rainy.svg;3381927474;1;1585570773;
ios-recording-outline.svg;4020724961;1;1585570773;
ios-recording.svg;1891225121;1;1585570773;
ios-redo-outline.svg;3630545508;1;1585570773;
ios-redo.svg;1093748485;1;1585570773;
ios-refresh-empty.svg;1202783926;1;1585570773;
ios-refresh-outline.svg;200350577;1;1585570773;
ios-refresh.svg;1380963380;1;1585570773;
ios-reload.svg;2480807209;1;1585570773;
ios-reverse-camera-outline.svg;137758287;1;1585570773;
ios-reverse-camera.svg;3814337833;1;1585570773;
ios-rewind-outline.svg;4274836227;1;1585570773;
ios-rewind.svg;2990898577;1;1585570773;
ios-rose-outline.svg;2511051792;1;1585570773;
ios-rose.svg;2451891968;1;1585570775;
ios-search-strong.svg;4099425076;1;1585570775;
ios-search.svg;1719153695;1;1585570775;
ios-settings-strong.svg;4257317167;1;1585570775;
ios-settings.svg;2238414411;1;1585570775;
ios-shuffle-strong.svg;2346270098;1;1585570775;
ios-shuffle.svg;92363172;1;1585570775;
ios-skipbackward-outline.svg;1986535175;1;1585570775;
ios-skipbackward.svg;2604637024;1;1585570775;
ios-skipforward-outline.svg;1128094177;1;1585570775;
ios-skipforward.svg;1582814340;1;1585570775;
ios-snowy.svg;3108821090;1;1585570775;
ios-speedometer-outline.svg;324776416;1;1585570775;
ios-speedometer.svg;191816951;1;1585570775;
ios-star-half.svg;1904131180;1;1585570775;
ios-star-outline.svg;1134459455;1;1585570775;
ios-star.svg;3984926754;1;1585570775;
ios-stopwatch-outline.svg;3538966621;1;1585570775;
ios-stopwatch.svg;1651161554;1;1585570775;
ios-sunny-outline.svg;4156162347;1;1585570775;
ios-sunny.svg;4064963894;1;1585570775;
ios-telephone-outline.svg;1042686990;1;1585570775;
ios-telephone.svg;3995942483;1;1585570775;
ios-tennisball-outline.svg;306789662;1;1585570775;
ios-tennisball.svg;3526184945;1;1585570775;
ios-thunderstorm-outline.svg;2364596782;1;1585570775;
ios-thunderstorm.svg;2580715468;1;1585570775;
ios-time-outline.svg;133815209;1;1585570775;
ios-time.svg;1010534973;1;1585570775;
ios-timer-outline.svg;880443427;1;1585570775;
ios-timer.svg;4035050609;1;1585570775;
ios-toggle-outline.svg;2991417374;1;1585570776;
ios-toggle.svg;1098397695;1;1585570776;
ios-trash-outline.svg;3039530141;1;1585570776;
ios-trash.svg;1846710274;1;1585570776;
ios-undo-outline.svg;2961147963;1;1585570776;
ios-undo.svg;2612753547;1;1585570776;
ios-unlocked-outline.svg;2022074214;1;1585570776;
ios-unlocked.svg;1399160761;1;1585570776;
ios-upload-outline.svg;4188850857;1;1585570776;
ios-upload.svg;1148570738;1;1585570776;
ios-videocam-outline.svg;3661359835;1;1585570776;
ios-videocam.svg;720900503;1;1585570776;
ios-volume-high.svg;3041270339;1;1585570776;
ios-volume-low.svg;4024056013;1;1585570776;
ios-wineglass-outline.svg;3254177508;1;1585570776;
ios-wineglass.svg;2705807485;1;1585570776;
ios-world-outline.svg;1063068567;1;1585570776;
ios-world.svg;1719324961;1;1585570776;
ipad.svg;2633812408;1;1585570776;
iphone.svg;668638633;1;1585570776;
ipod.svg;1382672268;1;1585570776;
jet.svg;2802359618;1;1585570776;
key.svg;4017801379;1;1585570776;
knife.svg;3534243397;1;1585570776;
laptop.svg;3259514716;1;1585570776;
leaf.svg;280468170;1;1585570776;
levels.svg;310634863;1;1585570776;
lightbulb.svg;1540035474;1;1585570776;
link.svg;2440940114;1;1585570776;
load-a.svg;2889222718;1;1585570776;
load-b.svg;2377891545;1;1585570776;
load-c.svg;3389746678;1;1585570777;
load-d.svg;3446485920;1;1585570777;
location.svg;2406047617;1;1585570777;
lock-combination.svg;1488450716;1;1585570777;
locked.svg;704560169;1;1585570777;
log-in.svg;3253247719;1;1585570777;
log-out.svg;2867971466;1;1585570777;
loop.svg;1393754222;1;1585570777;
magnet.svg;2783948579;1;1585570777;
male.svg;2068692659;1;1585570777;
man.svg;475265233;1;1585570777;
map.svg;3458715461;1;1585570777;
medkit.svg;2885932145;1;1585570777;
merge.svg;3091666580;1;1585570777;
mic-a.svg;4137478771;1;1585570777;
mic-b.svg;4280994892;1;1585570777;
mic-c.svg;3333336223;1;1585570777;
minus-circled.svg;2785746005;1;1585570777;
minus-round.svg;3946498209;1;1585570777;
minus.svg;4159363805;1;1585570777;
model-s.svg;2168579246;1;1585570777;
monitor.svg;2118390410;1;1585570777;
more.svg;1987413317;1;1585570777;
mouse.svg;3396661624;1;1585570777;
music-note.svg;2320752797;1;1585570777;
navicon-round.svg;1875818163;1;1585570777;
navicon.svg;3338388810;1;1585570777;
navigate.svg;3475559616;1;1585570777;
network.svg;1662745129;1;1585570777;
no-smoking.svg;2305382204;1;1585570777;
nuclear.svg;1072220871;1;1585570777;
outlet.svg;1137861659;1;1585570778;
paintbrush.svg;2399620007;1;1585570778;
paintbucket.svg;2600671883;1;1585570778;
paper-airplane.svg;2604489902;1;1585570778;
paperclip.svg;3617765277;1;1585570778;
pause.svg;3856684347;1;1585570778;
person-add.svg;3517690213;1;1585570778;
person-stalker.svg;1153628247;1;1585570778;
person.svg;3806609613;1;1585570778;
pie-graph.svg;4129469354;1;1585570778;
pin.svg;4112446005;1;1585570778;
pinpoint.svg;1433082069;1;1585570778;
pizza.svg;1554715095;1;1585570778;
plane.svg;1214011449;1;1585570778;
planet.svg;1177743117;1;1585570778;
play.svg;840358345;1;1585570778;
playstation.svg;369047149;1;1585570778;
plus-circled.svg;2180213768;1;1585570778;
plus-round.svg;4174105269;1;1585570778;
plus.svg;2499686686;1;1585570778;
podium.svg;1350379846;1;1585570778;
pound.svg;2005441037;1;1585570778;
power.svg;1391207147;1;1585570778;
pricetag.svg;2061064167;1;1585570778;
pricetags.svg;632933159;1;1585570778;
printer.svg;4178881924;1;1585570778;
pull-request.svg;205400742;1;1585570778;
qr-scanner.svg;242148727;1;1585570778;
quote.svg;3977162983;1;1585570778;
radio-waves.svg;2391559433;1;1585570778;
record.svg;82721409;1;1585570778;
refresh.svg;2445887688;1;1585570780;
reply-all.svg;209016729;1;1585570780;
reply.svg;1872603401;1;1585570780;
ribbon-a.svg;2206232226;1;1585570780;
ribbon-b.svg;523191889;1;1585570780;
sad-outline.svg;3567805639;1;1585570780;
sad.svg;3618217883;1;1585570780;
scissors.svg;3955374396;1;1585570780;
search.svg;259389303;1;1585570780;
settings.svg;1100749417;1;1585570780;
share.svg;2327017592;1;1585570780;
shuffle.svg;570153684;1;1585570780;
skip-backward.svg;2530906441;1;1585570780;
skip-forward.svg;1664001560;1;1585570780;
social-android-outline.svg;2546871314;1;1585570780;
social-android.svg;199464810;1;1585570780;
social-angular-outline.svg;3299479094;1;1585570780;
social-angular.svg;3262008663;1;1585570780;
social-apple-outline.svg;3732717858;1;1585570780;
social-apple.svg;1176421984;1;1585570780;
social-bitcoin-outline.svg;3326546811;1;1585570780;
social-bitcoin.svg;1552543459;1;1585570780;
social-buffer-outline.svg;1626433726;1;1585570780;
social-buffer.svg;2821515004;1;1585570780;
social-chrome-outline.svg;956890661;1;1585570780;
social-chrome.svg;206964398;1;1585570780;
social-codepen-outline.svg;1605970945;1;1585570780;
social-codepen.svg;1592619535;1;1585570780;
social-css3-outline.svg;3160548316;1;1585570780;
social-css3.svg;2776226932;1;1585570780;
social-designernews-outline.svg;2872854772;1;1585570780;
social-designernews.svg;3917667437;1;1585570781;
social-dribbble-outline.svg;3799872382;1;1585570781;
social-dribbble.svg;2583379673;1;1585570781;
social-dropbox-outline.svg;2706479673;1;1585570781;
social-dropbox.svg;196289902;1;1585570781;
social-euro-outline.svg;1672069184;1;1585570781;
social-euro.svg;3772844189;1;1585570781;
social-facebook-outline.svg;367971734;1;1585570781;
social-facebook.svg;1653472020;1;1585570781;
social-foursquare-outline.svg;4292606342;1;1585570781;
social-foursquare.svg;4027411946;1;1585570781;
social-freebsd-devil.svg;3939426979;1;1585570781;
social-github-outline.svg;3345264822;1;1585570781;
social-github.svg;3256445631;1;1585570781;
social-google-outline.svg;4276184641;1;1585570781;
social-google.svg;752611456;1;1585570781;
social-googleplus-outline.svg;2079232275;1;1585570781;
social-googleplus.svg;2776508782;1;1585570781;
social-hackernews-outline.svg;3475109233;1;1585570781;
social-hackernews.svg;1677064146;1;1585570781;
social-html5-outline.svg;463657996;1;1585570781;
social-html5.svg;4047391042;1;1585570781;
social-instagram-outline.svg;2577601;1;1585570781;
social-instagram.svg;3252988737;1;1585570781;
social-javascript-outline.svg;2382632;1;1585570781;
social-javascript.svg;482298852;1;1585570781;
social-linkedin-outline.svg;3316025211;1;1585570781;
social-linkedin.svg;4057673833;1;1585570781;
social-markdown.svg;2045589496;1;1585570781;
social-nodejs.svg;132442450;1;1585570781;
social-octocat.svg;540552392;1;1585570781;
social-pinterest-outline.svg;2417114512;1;1585570782;
social-pinterest.svg;1246256264;1;1585570782;
social-python.svg;1434600443;1;1585570782;
social-reddit-outline.svg;4184823904;1;1585570782;
social-reddit.svg;1524733628;1;1585570782;
social-rss-outline.svg;2539317865;1;1585570782;
social-rss.svg;3122198334;1;1585570782;
social-sass.svg;994992559;1;1585570782;
social-skype-outline.svg;1396241407;1;1585570782;
social-skype.svg;3289799393;1;1585570782;
social-snapchat-outline.svg;71547024;1;1585570782;
social-snapchat.svg;507118719;1;1585570782;
social-tumblr-outline.svg;3716317102;1;1585570782;
social-tumblr.svg;1291232236;1;1585570782;
social-tux.svg;2610760538;1;1585570782;
social-twitch-outline.svg;1541973432;1;1585570782;
social-twitch.svg;2050025517;1;1585570782;
social-twitter-outline.svg;2989999523;1;1585570782;
social-twitter.svg;3262860274;1;1585570782;
social-usd-outline.svg;978849668;1;1585570782;
social-usd.svg;1281209252;1;1585570782;
social-vimeo-outline.svg;3336153533;1;1585570782;
social-vimeo.svg;3132633536;1;1585570782;
social-whatsapp-outline.svg;1388343913;1;1585570782;
social-whatsapp.svg;2533917263;1;1585570782;
social-windows-outline.svg;2425523983;1;1585570782;
social-windows.svg;4052459513;1;1585570782;
social-wordpress-outline.svg;4011668653;1;1585570782;
social-wordpress.svg;1444886760;1;1585570782;
social-yahoo-outline.svg;3777954920;1;1585570782;
social-yahoo.svg;3739162278;1;1585570782;
social-yen-outline.svg;4201470288;1;1585570784;
social-yen.svg;143515271;1;1585570784;
social-youtube-outline.svg;3924663882;1;1585570784;
social-youtube.svg;29352683;1;1585570784;
soup-can-outline.svg;1206004751;1;1585570784;
soup-can.svg;3344954612;1;1585570784;
speakerphone.svg;3299734872;1;1585570784;
speedometer.svg;303145940;1;1585570784;
spoon.svg;2264666442;1;1585570784;
star.svg;161873376;1;1585570784;
stats-bars.svg;1618837500;1;1585570784;
steam.svg;3865663992;1;1585570784;
stop.svg;190049274;1;1585570784;
android-bulb.svg;681354907;1;1585570985;
android-bus.svg;186712328;1;1585570985;
thermometer.svg;3070829207;1;1585570985;
thumbsdown.svg;1756012655;1;1585570986;
thumbsup.svg;3796327569;1;1585570986;
toggle-filled.svg;2951034717;1;1585570986;
toggle.svg;2104287531;1;1585570986;
transgender.svg;753206601;1;1585570986;
trash-a.svg;1158074016;1;1585570986;
trash-b.svg;1410522975;1;1585570986;
trophy.svg;2496781515;1;1585570987;
tshirt-outline.svg;2817947235;1;1585570987;
tshirt.svg;228090534;1;1585570987;
umbrella.svg;1968894562;1;1585570987;
university.svg;181693360;1;1585570987;
unlocked.svg;2895768710;1;1585570987;
upload.svg;1007362066;1;1585570987;
usb.svg;3079500242;1;1585570987;
videocamera.svg;530079;1;1585570987;
volume-high.svg;1521587063;1;1585570987;
volume-low.svg;3274754168;1;1585570987;
volume-medium.svg;781375496;1;1585570987;
volume-mute.svg;3139816427;1;1585570987;
wand.svg;3039039258;1;1585570987;
waterdrop.svg;1702140770;1;1585570987;
wifi.svg;3605245396;1;1585570987;
wineglass.svg;59705044;1;1585570987;
woman.svg;2075099713;1;1585570987;
wrench.svg;2747880356;1;1585570987;
xbox.svg;4637663;1;1585570987;
