SCMBranch=OSP_New
SCMRepository=OSP_New/vbridge_portal/administrator/components/com_acymailing/types
authorname.php;121631943;1;1446087296;
bounceaction.php;1505238660;1;1446087296;
categoryfield.php;2718321433;1;1446087296;
charset.php;2875388731;1;1446087296;
color.php;448699830;1;1446087296;
content.php;3369088584;1;1446087296;
contentfilter.php;2256299845;1;1446087296;
contentorder.php;2951467667;1;1431605358;
delay.php;1353859834;1;1446087296;
delaydisp.php;2009588207;1;1446087296;
deliverstatus.php;740987013;1;1446087296;
detailstatsbounce.php;1319619164;1;1446087296;
detailstatsmail.php;2801788443;1;1446087296;
editor.php;1693426962;1;1446087296;
festatus.php;1482047639;1;1446087296;
frequency.php;3952456144;1;1446087296;
index.html;1864180681;1;1446087296;
jflanguages.php;710335631;1;1446087296;
listcreator.php;2083932834;1;1446087296;
lists.php;2107530470;1;1446087296;
listsmail.php;2634449095;1;1446087296;
mailcreator.php;2807557103;1;1446087296;
operators.php;4093163923;1;1446087296;
operatorsin.php;1770483629;1;1446087296;
queuemail.php;3271269186;1;1446087296;
status.php;1033278428;1;1446087296;
statusfilter.php;3827994172;1;1446087296;
statusfilterlist.php;1418390958;1;1446087296;
statusquick.php;253778935;1;1446087296;
testreceiver.php;3431263962;1;1446087296;
titlelink.php;1249053921;1;1446087296;
unsub.php;3201599603;1;1446087296;
uploadfile.php;1244879341;1;1446087296;
uploadpict.php;3355615685;1;1441269418;
