SCMBranch=OSP_New
SCMRepository=OSP_New/vbridge_portal/administrator/templates/hathor/images/admin
blank.png;1600596905;1;1543254676;
checked_out.png;2826200151;1;1543254676;
collapseall.png;1978733467;1;1543254676;
disabled.png;4042685112;1;1543254676;
downarrow-1.png;2242569336;1;1543254676;
downarrow.png;2956149890;1;1543254676;
downarrow0.png;1554823403;1;1543254676;
expandall.png;3700207894;1;1543254676;
featured.png;577999711;1;1543254676;
filesave.png;2941095253;1;1543254676;
filter_16.png;2576314190;1;1543254676;
icon-16-allow.png;1469418359;1;1543254676;
icon-16-allowinactive.png;4099977501;1;1543254676;
icon-16-deny.png;4073903048;1;1543254676;
icon-16-denyinactive.png;330271095;1;1543254676;
icon-16-links.png;1882419089;1;1543254676;
icon-16-notice-note.png;3586191197;1;1543254676;
icon-16-protected.png;1062031700;1;1543254676;
index.html;2299680422;1;1431605428;
menu_divider.png;735980322;1;1543254676;
note_add_16.png;1946996412;1;1543254676;
publish_g.png;3469551766;1;1543254676;
publish_r.png;658786536;1;1543254676;
publish_x.png;1508203526;1;1543254676;
publish_y.png;3176360306;1;1543254676;
sort_asc.png;3522802651;1;1543254676;
sort_desc.png;1020886405;1;1543254676;
tick.png;449661330;1;1543254676;
trash.png;1692801561;1;1543254676;
uparrow-1.png;2664924284;1;1543254676;
uparrow.png;2688237513;1;1543254676;
uparrow0.png;1682586892;1;1543254676;
