SCMBranch=OSP_New
SCMRepository=OSP_New/vbridge_portal/administrator/components/com_jce/controller
config.php;2179629272;1;1446087418;
cpanel.php;1638324766;1;1446087418;
editor.php;4224688569;1;1446087418;
help.php;135409939;1;1446087418;
index.html;1864180681;1;1446087422;
installer.php;689750373;1;1446087418;
mediabox.php;1245884867;1;1446087418;
popup.php;3747222877;1;1446087418;
preferences.php;1344722884;1;1446087418;
profiles.php;4015564642;1;1446087418;
updates.php;300344633;1;1446087418;
