SCMBranch=OSP_New
SCMRepository=OSP_New/vbridge_portal/administrator/components/com_acymailing/views/data/tmpl
acajoom.php;1730391595;1;1446087296;
ajaxencoding.php;3518598407;1;1446087296;
ccnewsletter.php;617022543;1;1446087298;
civi.php;2959226326;1;1446087298;
communicator.php;1179541140;1;1446087298;
contact.php;1841875734;1;1446087298;
database.php;222049739;1;1446087298;
export.php;3751958887;1;1446087298;
file.php;2873322076;1;1446087298;
genericimport.php;1421244013;1;1446087298;
import.php;3119579864;1;1446087298;
index.html;1864180681;1;1446087298;
jnews.php;905873053;1;1446087298;
joomla.php;611070425;1;1446087298;
ldap.php;3339742159;1;1446087298;
letterman.php;2434709363;1;1446087298;
nspro.php;3783955592;1;1446087298;
sobipro.php;1470588182;1;1446087298;
textarea.php;639463443;1;1446087298;
vemod.php;2417653029;1;1446087298;
yanc.php;3787145589;1;1446087298;
zohocrm.php;2957932952;1;1446087298;
