SCMBranch=OSP_New
SCMRepository=OSP_New/vbridge_portal/administrator/easyui/demo/tabs
autoheight.html;527493554;1;1395825392;
basic.html;539605610;1;1395825320;
dropdown.html;2675670895;1;1425128962;
fixedwidth.html;1729517489;1;1395825472;
fluid.html;1559101397;1;1404191574;
hover.html;1417360410;1;1395825488;
nestedtabs.html;3122117684;1;1395825506;
striptools.html;2597922858;1;1395825524;
style.html;201523739;1;1425129780;
tabimage.html;2194761477;1;1395825544;
tabposition.html;2781984051;1;1395826916;
tabstools.html;2887479019;1;1395825580;
tree_data1.json;504258174;1;1349252296;
_content.html;1325228730;1;1375694686;
