SCMBranch=OSP_New
SCMRepository=OSP_New/vbridge_portal/briefs_and_papers/thumbnails
1573712157_image.png;2222399606;1;1573712158;
1573712232_image.png;2222399606;1;1573712234;
1573713660_image.png;4109586982;1;1573713662;
1573714640_image.png;4109586982;1;1573714642;
1573716010_image.png;468284633;1;1573716012;
1573789593_image.png;934852095;1;1573789594;
1574241640_image.png;4224126116;1;1574241640;
1574309551_image.png;4224126116;1;1574309551;
1574309590_image.png;2044499070;1;1574309590;
1574309686_image.png;2044499070;1;1574309686;
