SCMBranch=OSP_New
SCMRepository=OSP_New/vbridge_portal/administrator/easyui/themes/black
accordion.css;70051648;1;1468918976;
calendar.css;2889238146;1;1468918976;
combo.css;296622411;1;1468918976;
combobox.css;2471554192;1;1468918976;
datagrid.css;1754747997;1;1468918976;
datalist.css;314091269;1;1468918976;
datebox.css;3969565883;1;1468918976;
dialog.css;3227775238;1;1468918976;
easyui.css;4119805138;1;1468918976;
filebox.css;2976268252;1;1468918976;
layout.css;2763904725;1;1468918976;
linkbutton.css;2069481161;1;1468918976;
menu.css;3126377675;1;1468918976;
menubutton.css;830902080;1;1468918976;
messager.css;1546453917;1;1468918976;
numberbox.css;4294967295;1;1468918976;
pagination.css;780670487;1;1468918976;
panel.css;1326166432;1;1468918976;
passwordbox.css;3656197494;1;1468918976;
progressbar.css;983627819;1;1468918976;
propertygrid.css;2227857648;1;1468918976;
searchbox.css;232146810;1;1468918976;
slider.css;4137037333;1;1468918976;
spinner.css;1826313790;1;1468918976;
splitbutton.css;4208773076;1;1468918976;
switchbutton.css;825544552;1;1468918976;
tabs.css;2081225822;1;1468918976;
textbox.css;569267170;1;1468918976;
tooltip.css;2429475949;1;1468918976;
tree.css;1197468878;1;1468918976;
validatebox.css;1956364022;1;1468918976;
window.css;4102724303;1;1468918976;
