SCMBranch=OSP_New
SCMRepository=OSP_New/vbridge_portal/administrator/templates/hathor/images/toolbar
icon-32-adduser.png;2947683053;1;1543254676;
icon-32-alert.png;597712938;1;1543254676;
icon-32-apply.png;963377969;1;1543254676;
icon-32-archive.png;2643737966;1;1543254676;
icon-32-article-add.png;2615711014;1;1543254676;
icon-32-article.png;3894273637;1;1543254676;
icon-32-back.png;1048704147;1;1543254676;
icon-32-banner-categories.png;87255528;1;1543254676;
icon-32-banner-client.png;4006270526;1;1543254676;
icon-32-banner-tracks.png;3986282771;1;1543254676;
icon-32-banner.png;4012589034;1;1543254676;
icon-32-batch.png;3960142237;1;1543254676;
icon-32-calendar.png;2266066407;1;1543254676;
icon-32-cancel.png;907153316;1;1543254676;
icon-32-checkin.png;1128001950;1;1543254676;
icon-32-cog.png;1266460683;1;1543254676;
icon-32-component.png;3276129959;1;1543254676;
icon-32-config.png;3325643772;1;1543254676;
icon-32-contacts-categories.png;2124810344;1;1543254676;
icon-32-contacts.png;4027837654;1;1543254676;
icon-32-copy.png;1421759095;1;1543254676;
icon-32-css.png;10526872;1;1543254676;
icon-32-default.png;872717101;1;1543254676;
icon-32-delete-style.png;888572211;1;1543254676;
icon-32-delete.png;1992450950;1;1543254676;
icon-32-deny.png;2743652316;1;1543254676;
icon-32-download.png;2562689842;1;1543254676;
icon-32-edit.png;2162178419;1;1543254676;
icon-32-error.png;3196129104;1;1543254676;
icon-32-export.png;3585808181;1;1543254676;
icon-32-extension.png;3982347516;1;1543254676;
icon-32-featured.png;1605076760;1;1543254676;
icon-32-forward.png;3545316496;1;1543254676;
icon-32-help.png;3094169294;1;1543254676;
icon-32-html.png;1350211306;1;1543254676;
icon-32-inbox.png;3678223319;1;1543254676;
icon-32-info.png;3365968494;1;1543254676;
icon-32-links.png;2134009008;1;1543254676;
icon-32-lock.png;4257320149;1;1543254676;
icon-32-menu.png;710977026;1;1543254676;
icon-32-messaging.png;219327405;1;1543254676;
icon-32-messanging.png;219327405;1;1543254676;
icon-32-module.png;1801061265;1;1543254676;
icon-32-move.png;1992730406;1;1543254676;
icon-32-new-privatemessage.png;2167781034;1;1543254676;
icon-32-new-style.png;2235686770;1;1543254676;
icon-32-new.png;4183069530;1;1543254676;
icon-32-notice.png;3958644102;1;1543254676;
icon-32-preview.png;1137254568;1;1543254676;
icon-32-print.png;1070216086;1;1543254676;
icon-32-publish.png;768698866;1;1543254676;
icon-32-purge.png;503932222;1;1543254676;
icon-32-read-privatemessage.png;2430605850;1;1543254676;
icon-32-refresh.png;3845969578;1;1543254676;
icon-32-remove.png;1864856924;1;1543254676;
icon-32-revert.png;338615291;1;1543254676;
icon-32-save-copy.png;1571884265;1;1543254676;
icon-32-save-new.png;4071083436;1;1543254676;
icon-32-save.png;2249494873;1;1543254676;
icon-32-search.png;1178852058;1;1543254676;
icon-32-send.png;393679523;1;1543254676;
icon-32-stats.png;2322933815;1;1543254676;
icon-32-trash.png;3540150484;1;1543254676;
icon-32-unarchive.png;821686748;1;1543254676;
icon-32-unblock.png;3558316693;1;1543254676;
icon-32-unpublish.png;4211600554;1;1543254676;
icon-32-upload.png;606930710;1;1543254676;
icon-32-user-add.png;886480777;1;1543254676;
icon-32-xml.png;3367757654;1;1543254676;
index.html;2299680422;1;1431605430;
