SCMBranch=OSP_New
SCMRepository=OSP_New/vbridge_portal/chat/public/components/Ionicons/png/512
alert-circled.png;3404740937;1;1585570358;
alert.png;967061845;1;1585570358;
android-add-contact.png;386418515;1;1585570358;
android-add.png;471769281;1;1585570358;
android-alarm.png;3477536855;1;1585570358;
android-archive.png;3617044849;1;1585570358;
android-arrow-back.png;3347335697;1;1585570358;
android-arrow-down-left.png;3499438587;1;1585570358;
android-arrow-down-right.png;152306024;1;1585570359;
android-arrow-forward.png;2858599957;1;1585570359;
android-arrow-up-left.png;387291453;1;1585570359;
android-arrow-up-right.png;1655550413;1;1585570359;
android-battery.png;3229516087;1;1585570359;
android-book.png;1041377679;1;1585570359;
android-call.png;751217130;1;1585570732;
android-camera.png;2094811777;1;1585570732;
android-chat.png;97650932;1;1585570732;
android-checkmark.png;2313611046;1;1585570732;
android-clock.png;3993680121;1;1585570732;
android-close.png;3158868113;1;1585570732;
android-contact.png;303722254;1;1585570732;
android-contacts.png;3211236224;1;1585570732;
android-data.png;2000884854;1;1585570732;
android-developer.png;851083003;1;1585570732;
android-display.png;1509981344;1;1585570732;
android-download.png;724857071;1;1585570732;
android-drawer.png;456507747;1;1585570732;
android-dropdown.png;2630567624;1;1585570732;
android-earth.png;265324476;1;1585570732;
android-folder.png;2871899129;1;1585570732;
android-forums.png;4142254541;1;1585570732;
android-friends.png;244061155;1;1585570732;
android-hand.png;271612997;1;1585570732;
android-image.png;4079244936;1;1585570733;
android-inbox.png;1532131515;1;1585570733;
android-information.png;156191334;1;1585570733;
android-keypad.png;1996950988;1;1585570733;
android-lightbulb.png;739479378;1;1585570733;
android-locate.png;2543207816;1;1585570733;
android-location.png;3857470172;1;1585570733;
android-mail.png;89637228;1;1585570733;
android-microphone.png;4192216201;1;1585570733;
android-mixer.png;3930304995;1;1585570733;
android-more.png;2131653213;1;1585570733;
android-note.png;3064746331;1;1585570733;
android-playstore.png;3967603238;1;1585570733;
android-printer.png;2087481470;1;1585570733;
android-promotion.png;664730286;1;1585570733;
android-reminder.png;2812984039;1;1585570733;
android-remove.png;4285682833;1;1585570733;
android-search.png;3343281022;1;1585570733;
android-send.png;3973429336;1;1585570733;
android-settings.png;1172522140;1;1585570733;
android-share.png;2829948649;1;1585570733;
android-social-user.png;1021939075;1;1585570733;
android-social.png;4097191308;1;1585570733;
android-sort.png;654731499;1;1585570733;
android-stair-drawer.png;384615685;1;1585570733;
android-star.png;1850232977;1;1585570733;
android-stopwatch.png;3273185333;1;1585570733;
android-storage.png;1435127870;1;1585570733;
android-system-back.png;1733528993;1;1585570733;
android-system-home.png;1784454203;1;1585570733;
android-system-windows.png;2870157689;1;1585570733;
android-timer.png;3998130514;1;1585570734;
android-trash.png;3206481366;1;1585570734;
android-user-menu.png;1145445618;1;1585570734;
android-volume.png;1527163265;1;1585570734;
android-wifi.png;619893810;1;1585570734;
aperture.png;3727949186;1;1585570734;
archive.png;442771173;1;1585570734;
arrow-down-a.png;3784421954;1;1585570734;
arrow-down-b.png;228531880;1;1585570734;
arrow-down-c.png;3449690965;1;1585570734;
arrow-expand.png;707805508;1;1585570734;
arrow-graph-down-left.png;4082416910;1;1585570734;
arrow-graph-down-right.png;2802369126;1;1585570734;
arrow-graph-up-left.png;3008969419;1;1585570734;
arrow-graph-up-right.png;1875889562;1;1585570734;
arrow-left-a.png;298876704;1;1585570734;
arrow-left-b.png;1627806740;1;1585570734;
arrow-left-c.png;4085656960;1;1585570734;
arrow-move.png;2764913871;1;1585570734;
arrow-resize.png;3845194725;1;1585570734;
arrow-return-left.png;2615408863;1;1585570734;
arrow-return-right.png;2589490065;1;1585570734;
arrow-right-a.png;1466329143;1;1585570734;
arrow-right-b.png;3871377511;1;1585570734;
arrow-right-c.png;3539463309;1;1585570734;
arrow-shrink.png;1431517307;1;1585570734;
arrow-swap.png;3669810004;1;1585570734;
arrow-up-a.png;2997168717;1;1585570734;
arrow-up-b.png;3862243963;1;1585570734;
arrow-up-c.png;427412863;1;1585570734;
asterisk.png;247001054;1;1585570734;
at.png;3953398749;1;1585570736;
bag.png;3511271624;1;1585570736;
battery-charging.png;665705691;1;1585570736;
battery-empty.png;4134493589;1;1585570736;
battery-full.png;614013524;1;1585570736;
battery-half.png;2636636533;1;1585570736;
battery-low.png;478541740;1;1585570736;
beaker.png;3765806998;1;1585570736;
beer.png;4013711194;1;1585570736;
bluetooth.png;3044990465;1;1585570736;
bonfire.png;213364941;1;1585570736;
bookmark.png;1941628695;1;1585570736;
briefcase.png;2882221758;1;1585570736;
bug.png;1665683799;1;1585570736;
calculator.png;580984451;1;1585570736;
calendar.png;1086895413;1;1585570736;
camera.png;3723074432;1;1585570736;
card.png;2161737281;1;1585570736;
cash.png;3879068881;1;1585570736;
chatbox-working.png;3872409066;1;1585570736;
chatbox.png;1082134754;1;1585570736;
chatboxes.png;2809383067;1;1585570736;
chatbubble-working.png;2055260710;1;1585570736;
chatbubble.png;2818841552;1;1585570736;
chatbubbles.png;2360228433;1;1585570736;
checkmark-circled.png;4184340047;1;1585570736;
checkmark-round.png;355084881;1;1585570736;
checkmark.png;2270580519;1;1585570736;
chevron-down.png;2000619398;1;1585570736;
chevron-left.png;1115125996;1;1585570736;
chevron-right.png;922345191;1;1585570736;
chevron-up.png;3495599873;1;1585570737;
clipboard.png;4164208257;1;1585570737;
clock.png;3773846854;1;1585570737;
close-circled.png;800671486;1;1585570737;
close-round.png;3004393201;1;1585570737;
close.png;2527123432;1;1585570737;
closed-captioning.png;4057771565;1;1585570737;
cloud.png;3017871086;1;1585570737;
code-download.png;1795573259;1;1585570737;
code-working.png;3150437810;1;1585570737;
code.png;2540969804;1;1585570737;
coffee.png;1111998256;1;1585570737;
compass.png;492864781;1;1585570737;
compose.png;4131956440;1;1585570737;
connection-bars.png;3008737391;1;1585570737;
contrast.png;2733599523;1;1585570737;
cube.png;803241517;1;1585570737;
disc.png;2346526101;1;1585570737;
document-text.png;1825617035;1;1585570737;
document.png;3361021788;1;1585570737;
drag.png;3379527067;1;1585570737;
earth.png;3747627938;1;1585570737;
edit.png;230717420;1;1585570737;
egg.png;3021012670;1;1585570737;
eject.png;3658669063;1;1585570737;
email.png;972402486;1;1585570737;
eye-disabled.png;86277313;1;1585570737;
eye.png;885845912;1;1585570737;
female.png;1805826903;1;1585570737;
filing.png;3964981798;1;1585570737;
film-marker.png;274782157;1;1585570737;
fireball.png;1599159019;1;1585570739;
flag.png;369514535;1;1585570739;
flame.png;2502296292;1;1585570739;
flash-off.png;2695820918;1;1585570739;
flash.png;2540151023;1;1585570739;
flask.png;1169221712;1;1585570739;
folder.png;1245407988;1;1585570739;
fork-repo.png;2177943547;1;1585570739;
fork.png;1761037997;1;1585570739;
forward.png;3721911896;1;1585570739;
funnel.png;2593774947;1;1585570739;
game-controller-a.png;18567155;1;1585570739;
game-controller-b.png;285553411;1;1585570739;
gear-a.png;3579755637;1;1585570739;
gear-b.png;2093707463;1;1585570739;
grid.png;4218916938;1;1585570739;
hammer.png;877162497;1;1585570739;
happy.png;3381295646;1;1585570739;
headphone.png;1855555177;1;1585570739;
heart-broken.png;4044213867;1;1585570739;
heart.png;2398632444;1;1585570739;
help-buoy.png;2922359977;1;1585570739;
help-circled.png;3837705992;1;1585570739;
help.png;642419695;1;1585570739;
home.png;2748484477;1;1585570739;
icecream.png;2833038766;1;1585570739;
icon-social-google-plus-outline.png;3187167518;1;1585570739;
icon-social-google-plus.png;2476233493;1;1585570739;
image.png;3631588239;1;1585570739;
images.png;1285312298;1;1585570739;
information-circled.png;3040795551;1;1585570739;
information.png;3288921897;1;1585570740;
ionic.png;3675610828;1;1585570740;
ios7-alarm-outline.png;3212134972;1;1585570740;
ios7-alarm.png;2523358762;1;1585570740;
ios7-albums-outline.png;490826777;1;1585570740;
ios7-albums.png;3781819910;1;1585570740;
ios7-americanfootball-outline.png;2726485137;1;1585570740;
ios7-americanfootball.png;2165841587;1;1585570740;
ios7-analytics-outline.png;170828001;1;1585570740;
ios7-analytics.png;2947784828;1;1585570740;
ios7-arrow-back.png;1280234178;1;1585570740;
ios7-arrow-down.png;1490255406;1;1585570740;
ios7-arrow-forward.png;3559691699;1;1585570740;
ios7-arrow-left.png;2791952826;1;1585570740;
ios7-arrow-right.png;3919094004;1;1585570740;
ios7-arrow-thin-down.png;1343712319;1;1585570740;
ios7-arrow-thin-left.png;812620076;1;1585570740;
ios7-arrow-thin-right.png;2675857769;1;1585570740;
ios7-arrow-thin-up.png;3101467829;1;1585570740;
ios7-arrow-up.png;149688133;1;1585570740;
ios7-at-outline.png;700637772;1;1585570740;
ios7-at.png;488972242;1;1585570740;
ios7-barcode-outline.png;2948101092;1;1585570740;
ios7-barcode.png;3421523589;1;1585570740;
ios7-baseball-outline.png;1970952217;1;1585570740;
ios7-baseball.png;2259583308;1;1585570740;
ios7-basketball-outline.png;1633519752;1;1585570740;
ios7-basketball.png;1000298298;1;1585570740;
ios7-bell-outline.png;870818781;1;1585570740;
ios7-bell.png;3824435017;1;1585570740;
ios7-bolt-outline.png;282406570;1;1585570740;
ios7-bolt.png;882807483;1;1585570741;
ios7-bookmarks-outline.png;3299618749;1;1585570741;
ios7-bookmarks.png;1288658113;1;1585570741;
ios7-box-outline.png;1874758035;1;1585570741;
ios7-box.png;2597086274;1;1585570741;
ios7-briefcase-outline.png;3986382976;1;1585570741;
ios7-briefcase.png;1875545228;1;1585570741;
ios7-browsers-outline.png;2715614483;1;1585570741;
ios7-browsers.png;3198853860;1;1585570741;
ios7-calculator-outline.png;2789106413;1;1585570741;
ios7-calculator.png;341501858;1;1585570741;
ios7-calendar-outline.png;4128685254;1;1585570741;
ios7-calendar.png;2552196885;1;1585570741;
ios7-camera-outline.png;478086617;1;1585570741;
ios7-camera.png;4187677585;1;1585570741;
ios7-cart-outline.png;2035144540;1;1585570741;
ios7-cart.png;1784427297;1;1585570741;
ios7-chatboxes-outline.png;90848552;1;1585570741;
ios7-chatboxes.png;568369474;1;1585570741;
ios7-chatbubble-outline.png;1194427433;1;1585570741;
ios7-chatbubble.png;4230500035;1;1585570741;
ios7-checkmark-empty.png;2674800216;1;1585570741;
ios7-checkmark-outline.png;3122914726;1;1585570741;
ios7-checkmark.png;4052660768;1;1585570741;
ios7-circle-filled.png;3903879008;1;1585570741;
ios7-circle-outline.png;2391145943;1;1585570741;
ios7-clock-outline.png;4037589680;1;1585570741;
ios7-clock.png;2400407475;1;1585570741;
ios7-close-empty.png;3587616138;1;1585570741;
ios7-close-outline.png;3991671411;1;1585570741;
ios7-close.png;1513335227;1;1585570741;
ios7-cloud-download-outline.png;2591182358;1;1585570743;
ios7-cloud-download.png;2583224182;1;1585570743;
ios7-cloud-outline.png;1838178241;1;1585570743;
ios7-cloud-upload-outline.png;1210878003;1;1585570743;
ios7-cloud-upload.png;574766089;1;1585570743;
ios7-cloud.png;341626433;1;1585570743;
ios7-cloudy-night-outline.png;1826000172;1;1585570743;
ios7-cloudy-night.png;3541109408;1;1585570743;
ios7-cloudy-outline.png;3767560924;1;1585570743;
ios7-cloudy.png;3599624195;1;1585570743;
ios7-cog-outline.png;3361531317;1;1585570743;
ios7-cog.png;2874225492;1;1585570743;
ios7-compose-outline.png;2729824334;1;1585570743;
ios7-compose.png;2219971231;1;1585570743;
ios7-contact-outline.png;1722968308;1;1585570743;
ios7-contact.png;2049888155;1;1585570743;
ios7-copy-outline.png;3481843006;1;1585570743;
ios7-copy.png;1353785532;1;1585570743;
ios7-download-outline.png;1970180464;1;1585570743;
ios7-download.png;1092284370;1;1585570743;
ios7-drag.png;582055132;1;1585570743;
ios7-email-outline.png;1873975329;1;1585570743;
ios7-email.png;4218371395;1;1585570743;
ios7-expand.png;2524157841;1;1585570743;
ios7-eye-outline.png;3872828375;1;1585570743;
ios7-eye.png;100690380;1;1585570743;
ios7-fastforward-outline.png;462362194;1;1585570743;
ios7-fastforward.png;3346497886;1;1585570743;
ios7-filing-outline.png;732500328;1;1585570743;
ios7-filing.png;2816869996;1;1585570743;
ios7-film-outline.png;3520646181;1;1585570743;
ios7-film.png;534766873;1;1585570744;
ios7-flag-outline.png;1789846515;1;1585570744;
ios7-flag.png;2509484264;1;1585570744;
ios7-folder-outline.png;899681445;1;1585570744;
ios7-folder.png;4002343793;1;1585570744;
ios7-football-outline.png;4160127885;1;1585570744;
ios7-football.png;1363342726;1;1585570744;
ios7-gear-outline.png;2605694324;1;1585570744;
ios7-gear.png;3905138095;1;1585570744;
ios7-glasses-outline.png;199987946;1;1585570744;
ios7-glasses.png;549782954;1;1585570744;
ios7-heart-outline.png;1072364309;1;1585570744;
ios7-heart.png;162886284;1;1585570744;
ios7-help-empty.png;2867360731;1;1585570744;
ios7-help-outline.png;1359810458;1;1585570744;
ios7-help.png;782560707;1;1585570744;
ios7-home-outline.png;737580675;1;1585570744;
ios7-home.png;3695564162;1;1585570744;
ios7-infinite-outline.png;745351189;1;1585570744;
ios7-infinite.png;2279636421;1;1585570744;
ios7-information-empty.png;2456221580;1;1585570744;
ios7-information-outline.png;3754697253;1;1585570744;
ios7-information.png;1449316348;1;1585570744;
ios7-ionic-outline.png;2865812808;1;1585570744;
ios7-keypad-outline.png;940894503;1;1585570744;
ios7-keypad.png;1172596110;1;1585570744;
ios7-lightbulb-outline.png;1675213121;1;1585570744;
ios7-lightbulb.png;2611178692;1;1585570744;
ios7-location-outline.png;199861013;1;1585570744;
ios7-location.png;826413008;1;1585570744;
ios7-locked-outline.png;3132330266;1;1585570744;
ios7-locked.png;648112716;1;1585570745;
ios7-loop-strong.png;3123365405;1;1585570745;
ios7-loop.png;2968576305;1;1585570745;
ios7-medkit-outline.png;4161367329;1;1585570745;
ios7-medkit.png;1842338508;1;1585570745;
ios7-mic-off.png;1472390980;1;1585570745;
ios7-mic-outline.png;265389110;1;1585570745;
ios7-mic.png;4045775030;1;1585570745;
ios7-minus-empty.png;4208665112;1;1585570745;
ios7-minus-outline.png;1002550220;1;1585570745;
ios7-minus.png;3780896269;1;1585570745;
ios7-monitor-outline.png;3429652797;1;1585570745;
ios7-monitor.png;331956145;1;1585570745;
ios7-moon-outline.png;1285839703;1;1585570745;
ios7-moon.png;1903879218;1;1585570745;
ios7-more-outline.png;262667184;1;1585570745;
ios7-more.png;1010432266;1;1585570745;
ios7-musical-note.png;3860469807;1;1585570745;
ios7-musical-notes.png;394341078;1;1585570745;
ios7-navigate-outline.png;1979591202;1;1585570745;
ios7-navigate.png;2317870216;1;1585570745;
ios7-paper-outline.png;4249441483;1;1585570745;
ios7-paper.png;236829253;1;1585570745;
ios7-paperplane-outline.png;6767091;1;1585570745;
ios7-paperplane.png;1909724696;1;1585570745;
ios7-partlysunny-outline.png;868686521;1;1585570745;
ios7-partlysunny.png;3737987091;1;1585570745;
ios7-pause-outline.png;301911383;1;1585570745;
ios7-pause.png;1050568780;1;1585570745;
ios7-paw-outline.png;2927608924;1;1585570745;
ios7-paw.png;1721760947;1;1585570745;
ios7-people-outline.png;3031778745;1;1585570746;
ios7-people.png;1633735830;1;1585570747;
ios7-person-outline.png;1056043595;1;1585570747;
ios7-person.png;627374240;1;1585570747;
ios7-personadd-outline.png;797654773;1;1585570747;
ios7-personadd.png;308410047;1;1585570747;
ios7-photos-outline.png;3679514306;1;1585570747;
ios7-photos.png;3972580986;1;1585570747;
ios7-pie-outline.png;3317194374;1;1585570747;
ios7-pie.png;701061503;1;1585570747;
ios7-play-outline.png;1618350611;1;1585570747;
ios7-play.png;2844613940;1;1585570747;
ios7-plus-empty.png;2612471433;1;1585570747;
ios7-plus-outline.png;386287222;1;1585570747;
ios7-plus.png;4083164676;1;1585570747;
ios7-pricetag-outline.png;1833927672;1;1585570747;
ios7-pricetag.png;543698773;1;1585570747;
ios7-pricetags-outline.png;1636725801;1;1585570747;
ios7-pricetags.png;1795723414;1;1585570747;
ios7-printer-outline.png;1893813584;1;1585570747;
ios7-printer.png;1025439720;1;1585570747;
ios7-pulse-strong.png;1225079597;1;1585570747;
ios7-pulse.png;59592095;1;1585570747;
ios7-rainy-outline.png;1420580057;1;1585570747;
ios7-rainy.png;802989304;1;1585570747;
ios7-recording-outline.png;2762486009;1;1585570747;
ios7-recording.png;727333433;1;1585570747;
ios7-redo-outline.png;2677902175;1;1585570747;
ios7-redo.png;1391502867;1;1585570747;
ios7-refresh-empty.png;1762276969;1;1585570747;
ios7-refresh-outline.png;984690951;1;1585570747;
ios7-refresh.png;1527354091;1;1585570748;
ios7-reload.png;496973247;1;1585570748;
ios7-reverse-camera-outline.png;2005362499;1;1585570748;
ios7-reverse-camera.png;2433625757;1;1585570748;
ios7-rewind-outline.png;255027217;1;1585570748;
ios7-rewind.png;532964839;1;1585570748;
ios7-search-strong.png;1945175391;1;1585570748;
ios7-search.png;1046807829;1;1585570748;
ios7-settings-strong.png;716062954;1;1585570748;
ios7-settings.png;1011624952;1;1585570748;
ios7-shrink.png;1071549071;1;1585570748;
ios7-skipbackward-outline.png;3438716932;1;1585570748;
ios7-skipbackward.png;1900764547;1;1585570748;
ios7-skipforward-outline.png;1304476239;1;1585570748;
ios7-skipforward.png;4069915058;1;1585570748;
ios7-snowy.png;2250492030;1;1585570748;
ios7-speedometer-outline.png;1963286155;1;1585570748;
ios7-speedometer.png;2839792725;1;1585570748;
ios7-star-half.png;2826636204;1;1585570748;
ios7-star-outline.png;827826095;1;1585570748;
ios7-star.png;1600942756;1;1585570748;
ios7-stopwatch-outline.png;3513434810;1;1585570748;
ios7-stopwatch.png;2664356578;1;1585570748;
ios7-sunny-outline.png;1367123763;1;1585570748;
ios7-sunny.png;540311271;1;1585570748;
ios7-telephone-outline.png;1659755012;1;1585570748;
ios7-telephone.png;691544372;1;1585570748;
ios7-tennisball-outline.png;3274669293;1;1585570748;
ios7-tennisball.png;2060038534;1;1585570748;
ios7-thunderstorm-outline.png;3736221356;1;1585570748;
ios7-thunderstorm.png;4194599594;1;1585570748;
ios7-time-outline.png;4091544927;1;1585570749;
ios7-time.png;2502408996;1;1585570749;
ios7-timer-outline.png;1050613326;1;1585570749;
ios7-timer.png;3274967453;1;1585570749;
ios7-toggle-outline.png;3691913306;1;1585570749;
ios7-toggle.png;3493901006;1;1585570749;
ios7-trash-outline.png;831589126;1;1585570749;
ios7-trash.png;3024155073;1;1585570749;
ios7-undo-outline.png;103382229;1;1585570749;
ios7-undo.png;2984686099;1;1585570749;
ios7-unlocked-outline.png;1575116153;1;1585570749;
ios7-unlocked.png;2787769058;1;1585570749;
ios7-upload-outline.png;2693915269;1;1585570749;
ios7-upload.png;2203758767;1;1585570749;
ios7-videocam-outline.png;2789271339;1;1585570749;
ios7-videocam.png;1832621077;1;1585570749;
ios7-volume-high.png;422963713;1;1585570749;
ios7-volume-low.png;3503082201;1;1585570749;
ios7-wineglass-outline.png;3056628255;1;1585570749;
ios7-wineglass.png;2404896585;1;1585570749;
ios7-world-outline.png;3933921415;1;1585570749;
ios7-world.png;1157209190;1;1585570749;
ipad.png;4042042524;1;1585570749;
iphone.png;571897733;1;1585570749;
ipod.png;3596187478;1;1585570749;
jet.png;1746974943;1;1585570749;
key.png;228161496;1;1585570749;
knife.png;2097320888;1;1585570749;
laptop.png;1014290170;1;1585570749;
leaf.png;734629312;1;1585570749;
levels.png;1054417737;1;1585570749;
lightbulb.png;4176913137;1;1585570750;
link.png;1699295112;1;1585570750;
load-a.png;1220874097;1;1585570750;
load-b.png;2659555508;1;1585570750;
load-c.png;476399502;1;1585570750;
load-d.png;4249359460;1;1585570750;
location.png;2846174540;1;1585570750;
locked.png;1383795339;1;1585570750;
log-in.png;465827783;1;1585570750;
log-out.png;161612979;1;1585570750;
loop.png;1961642268;1;1585570750;
magnet.png;982208227;1;1585570750;
male.png;2290530774;1;1585570750;
man.png;3782080018;1;1585570750;
map.png;2015053765;1;1585570750;
medkit.png;231832584;1;1585570750;
merge.png;3713813550;1;1585570750;
mic-a.png;755182158;1;1585570750;
mic-b.png;2379618245;1;1585570750;
mic-c.png;4233268993;1;1585570750;
minus-circled.png;1294868970;1;1585570750;
minus-round.png;2401559286;1;1585570750;
minus.png;3317627008;1;1585570750;
model-s.png;1252143894;1;1585570750;
monitor.png;619598835;1;1585570750;
more.png;722009872;1;1585570750;
mouse.png;3143788987;1;1585570750;
music-note.png;1777562741;1;1585570750;
navicon-round.png;1445886180;1;1585570750;
navicon.png;3667875334;1;1585570750;
navigate.png;1626127352;1;1585570750;
network.png;217183172;1;1585570752;
no-smoking.png;3206808070;1;1585570752;
nuclear.png;2601553005;1;1585570752;
outlet.png;1335133797;1;1585570752;
paper-airplane.png;2424386063;1;1585570752;
paperclip.png;2203841244;1;1585570752;
pause.png;3745617425;1;1585570752;
person-add.png;126195025;1;1585570752;
person-stalker.png;3154330425;1;1585570752;
person.png;3065127675;1;1585570752;
pie-graph.png;3974559166;1;1585570752;
pin.png;3314226153;1;1585570752;
pinpoint.png;4007712521;1;1585570752;
pizza.png;278866135;1;1585570752;
plane.png;3008352553;1;1585570752;
planet.png;2851728178;1;1585570752;
play.png;110468174;1;1585570752;
playstation.png;2490682325;1;1585570752;
plus-circled.png;3682189958;1;1585570752;
plus-round.png;213858602;1;1585570752;
plus.png;4035460256;1;1585570752;
podium.png;2293519130;1;1585570752;
pound.png;2802887455;1;1585570752;
power.png;2127691200;1;1585570752;
pricetag.png;1346145261;1;1585570752;
pricetags.png;49539964;1;1585570752;
printer.png;3702544814;1;1585570752;
pull-request.png;4211073470;1;1585570752;
qr-scanner.png;2740859855;1;1585570752;
quote.png;4214699874;1;1585570752;
radio-waves.png;2953587442;1;1585570752;
record.png;455532987;1;1585570753;
refresh.png;1789801619;1;1585570753;
reply-all.png;4054767110;1;1585570753;
reply.png;592032672;1;1585570753;
ribbon-a.png;439062129;1;1585570753;
ribbon-b.png;834524867;1;1585570753;
sad.png;3808337300;1;1585570753;
scissors.png;283433831;1;1585570753;
search.png;1671815790;1;1585570753;
settings.png;2019261158;1;1585570753;
share.png;1870886700;1;1585570753;
shuffle.png;676365731;1;1585570753;
skip-backward.png;468786320;1;1585570753;
skip-forward.png;1995522445;1;1585570753;
social-android-outline.png;1634302118;1;1585570753;
social-android.png;2422112353;1;1585570753;
social-apple-outline.png;1541691358;1;1585570753;
social-apple.png;938051266;1;1585570753;
social-bitcoin-outline.png;428646234;1;1585570753;
social-bitcoin.png;73375652;1;1585570753;
social-buffer-outline.png;974050700;1;1585570753;
social-buffer.png;124285785;1;1585570753;
social-designernews-outline.png;308227531;1;1585570753;
social-designernews.png;1957093853;1;1585570753;
social-dribbble-outline.png;1765136298;1;1585570753;
social-dribbble.png;342829965;1;1585570753;
social-dropbox-outline.png;2262159387;1;1585570753;
social-dropbox.png;2029583914;1;1585570753;
social-facebook-outline.png;3768405425;1;1585570753;
social-facebook.png;4049000970;1;1585570753;
social-foursquare-outline.png;1801003380;1;1585570753;
social-foursquare.png;2169156383;1;1585570755;
social-freebsd-devil.png;3334441487;1;1585570755;
social-github-outline.png;3915531326;1;1585570755;
social-github.png;2896159091;1;1585570755;
social-google-outline.png;1948648277;1;1585570755;
social-google.png;649314841;1;1585570755;
social-googleplus-outline.png;3187167518;1;1585570755;
social-googleplus.png;2476233493;1;1585570755;
social-hackernews-outline.png;1005831240;1;1585570755;
social-hackernews.png;3142847205;1;1585570755;
social-instagram-outline.png;288793323;1;1585570755;
social-instagram.png;1578949970;1;1585570755;
social-linkedin-outline.png;3501750054;1;1585570755;
social-linkedin.png;3510314263;1;1585570755;
social-pinterest-outline.png;929131756;1;1585570755;
social-pinterest.png;1623657437;1;1585570755;
social-reddit-outline.png;2865354904;1;1585570755;
social-reddit.png;3546820203;1;1585570755;
social-rss-outline.png;3440763556;1;1585570755;
social-rss.png;972683533;1;1585570755;
social-skype-outline.png;1763385908;1;1585570755;
social-skype.png;789587441;1;1585570755;
social-tumblr-outline.png;1581775618;1;1585570755;
social-tumblr.png;2135221377;1;1585570755;
social-tux.png;2359732907;1;1585570755;
social-twitter-outline.png;1502506596;1;1585570755;
social-twitter.png;99251783;1;1585570755;
social-usd-outline.png;1214113269;1;1585570755;
social-usd.png;3426040661;1;1585570755;
social-vimeo-outline.png;1263861145;1;1585570755;
social-vimeo.png;1516763936;1;1585570755;
social-windows-outline.png;2049914122;1;1585570756;
social-windows.png;426159113;1;1585570756;
social-wordpress-outline.png;2588408937;1;1585570756;
social-wordpress.png;3841762434;1;1585570756;
social-yahoo-outline.png;1366838222;1;1585570756;
social-yahoo.png;2902709634;1;1585570756;
social-youtube-outline.png;1510244459;1;1585570756;
social-youtube.png;3017178979;1;1585570756;
speakerphone.png;1349023;1;1585570756;
speedometer.png;1304276111;1;1585570756;
spoon.png;3256402158;1;1585570756;
star.png;390094915;1;1585570756;
stats-bars.png;2201068296;1;1585570756;
steam.png;1305535868;1;1585570756;
stop.png;460217824;1;1585570756;
android-calendar.png;2441689267;1;1585570984;
thermometer.png;865512429;1;1585570984;
thumbsdown.png;866837686;1;1585570984;
thumbsup.png;2368581239;1;1585570984;
toggle-filled.png;861100458;1;1585570984;
toggle.png;1612859990;1;1585570985;
trash-a.png;1864418153;1;1585570985;
trash-b.png;1637336715;1;1585570985;
trophy.png;2934646401;1;1585570985;
umbrella.png;2226703305;1;1585570985;
university.png;1783734530;1;1585570985;
unlocked.png;1586592648;1;1585570985;
upload.png;732142133;1;1585570985;
usb.png;1943605220;1;1585570985;
videocamera.png;1325015398;1;1585570985;
volume-high.png;1388102507;1;1585570985;
volume-low.png;4153440614;1;1585570985;
volume-medium.png;1399743068;1;1585570985;
volume-mute.png;344812522;1;1585570985;
wand.png;2091312598;1;1585570985;
waterdrop.png;3823176340;1;1585570985;
wifi.png;1561579792;1;1585570985;
wineglass.png;896049265;1;1585570985;
woman.png;3992031049;1;1585570985;
wrench.png;883539894;1;1585570985;
xbox.png;3613226541;1;1585570985;
