SCMBranch=OSP_New
SCMRepository=OSP_New/vbridge_portal/administrator/components/com_acymailing/extensions/plg_editors_acyeditor/acyeditor/ckeditor/plugins/codemirror/lang
af.js;684485122;1;1446087292;
ar.js;1037877952;1;1446087292;
bg.js;189671628;1;1446087292;
bn.js;2741853930;1;1446087292;
bs.js;4282950633;1;1446087292;
ca.js;59522563;1;1446087292;
cs.js;574942011;1;1446087292;
cy.js;536308975;1;1446087292;
da.js;3282232871;1;1446087292;
de.js;2397147914;1;1446087292;
el.js;2527595711;1;1446087292;
en-au.js;1165085499;1;1446087292;
en-ca.js;2810956252;1;1446087292;
en-gb.js;1091084029;1;1446087292;
en.js;3716778776;1;1446087292;
eo.js;3835062609;1;1446087292;
es.js;2672823557;1;1446087292;
et.js;4150173864;1;1446087292;
eu.js;3696313713;1;1446087292;
fa.js;2369885796;1;1446087292;
fi.js;2998221363;1;1446087292;
fo.js;1618331259;1;1446087292;
fr-ca.js;2939080655;1;1446087292;
fr.js;2516675388;1;1446087292;
gl.js;3958100842;1;1446087292;
gu.js;2380520993;1;1446087292;
he.js;196342488;1;1446087292;
hi.js;2674935256;1;1446087292;
hr.js;1079403249;1;1446087292;
hu.js;4088927670;1;1446087292;
index.html;1864180681;1;1446087292;
is.js;3391074664;1;1446087292;
it.js;3907115396;1;1446087292;
ja.js;1611991491;1;1446087292;
ka.js;2170162870;1;1446087292;
km.js;3225174508;1;1446087292;
ko.js;3935124376;1;1446087292;
ku.js;268187035;1;1446087292;
lt.js;2836079839;1;1446087292;
lv.js;3452413346;1;1446087292;
mk.js;720472721;1;1446087292;
mn.js;1906434728;1;1446087292;
ms.js;2507036868;1;1446087292;
nb.js;2799381858;1;1446087292;
nl.js;1726132469;1;1446087292;
no.js;3037394837;1;1446087292;
pl.js;3470065215;1;1446087292;
pt-br.js;3810995619;1;1446087292;
pt.js;1523633348;1;1446087292;
ro.js;2845690477;1;1446087292;
ru.js;2366742975;1;1446087292;
sk.js;619839801;1;1446087292;
sl.js;187656012;1;1446087292;
sr-latn.js;1666797242;1;1446087292;
sr.js;1183142641;1;1446087292;
sv.js;1123513688;1;1446087292;
th.js;2356812740;1;1446087292;
tr.js;4052134407;1;1446087292;
ug.js;3414743033;1;1446087292;
uk.js;193816847;1;1446087292;
vi.js;3424593122;1;1446087292;
zh-cn.js;3678328706;1;1446087292;
zh.js;2152091173;1;1446087292;
