SCMBranch=OSP_New
SCMRepository=OSP_New/vbridge_portal/administrator/templates/hathor/images/menu
icon-16-alert.png;1578704486;1;1543254676;
icon-16-apply.png;2584428598;1;1543254676;
icon-16-archive.png;4165245636;1;1543254676;
icon-16-article.png;1213630834;1;1543254676;
icon-16-assoc.png;3828136916;1;1543254676;
icon-16-back-user.png;3754509399;1;1543254676;
icon-16-banner-categories.png;2913898116;1;1543254676;
icon-16-banner-client.png;1520427332;1;1543254676;
icon-16-banner-tracks.png;900698147;1;1543254676;
icon-16-banner.png;3893664217;1;1543254676;
icon-16-calendar.png;1830124494;1;1543254676;
icon-16-category.png;4131652244;1;1543254676;
icon-16-checkin.png;449661330;1;1543254676;
icon-16-clear.png;2688655579;1;1543254676;
icon-16-component.png;2764771426;1;1543254676;
icon-16-config.png;3451238384;1;1543254676;
icon-16-contacts-categories.png;3791354771;1;1543254676;
icon-16-contacts.png;2956243676;1;1543254676;
icon-16-content.png;1606941904;1;1543254676;
icon-16-cpanel.png;566855604;1;1543254676;
icon-16-default.png;4023126358;1;1543254676;
icon-16-delete.png;3007948016;1;1543254676;
icon-16-deny.png;1454912193;1;1543254676;
icon-16-download.png;3504148662;1;1543254676;
icon-16-edit.png;2670886069;1;1543254676;
icon-16-featured.png;3938310744;1;1543254676;
icon-16-frontpage.png;2879826245;1;1543254676;
icon-16-generic.png;3211182808;1;1543254676;
icon-16-groups.png;1706481025;1;1543254676;
icon-16-help-community.png;1885119305;1;1543254676;
icon-16-help-dev.png;2659947728;1;1543254676;
icon-16-help-docs.png;3871194002;1;1543254676;
icon-16-help-forum.png;1514100946;1;1543254676;
icon-16-help-jed.png;588795010;1;1543254676;
icon-16-help-jrd.png;3907964306;1;1543254676;
icon-16-help-security.png;1067501618;1;1543254676;
icon-16-help-shop.png;2040228115;1;1543254676;
icon-16-help-this.png;216042679;1;1543254676;
icon-16-help-trans.png;2433210030;1;1543254676;
icon-16-help.png;691251980;1;1543254676;
icon-16-inbox.png;2838535189;1;1543254676;
icon-16-info.png;3582092746;1;1543254676;
icon-16-install.png;915701504;1;1543254676;
icon-16-language.png;4281108757;1;1543254676;
icon-16-levels.png;4125583970;1;1543254676;
icon-16-links-cat.png;2961881866;1;1543254676;
icon-16-links.png;1882419089;1;1543254676;
icon-16-logout.png;3880802860;1;1543254676;
icon-16-maintenance.png;3781736856;1;1543254676;
icon-16-massmail.png;2728720311;1;1543254676;
icon-16-media.png;334593844;1;1543254676;
icon-16-menu.png;374901793;1;1543254676;
icon-16-menumgr.png;1895191993;1;1543254676;
icon-16-messages.png;3942710132;1;1543254676;
icon-16-messaging.png;4058970169;1;1543254676;
icon-16-module.png;3861163401;1;1543254676;
icon-16-move.png;527108197;1;1543254676;
icon-16-new-privatemessage.png;3845978703;1;1543254676;
icon-16-new.png;385237523;1;1543254676;
icon-16-newarticle.png;32263336;1;1543254676;
icon-16-newcategory.png;209719514;1;1543254676;
icon-16-newgroup.png;329872017;1;1543254676;
icon-16-newlevel.png;597432310;1;1543254676;
icon-16-newsfeeds-cat.png;897848296;1;1543254676;
icon-16-newsfeeds.png;1197637048;1;1543254676;
icon-16-newuser.png;83487610;1;1543254676;
icon-16-nopreview.png;2699777749;1;1543254676;
icon-16-notdefault.png;1124395943;1;1543254676;
icon-16-notice.png;3897593183;1;1543254676;
icon-16-plugin.png;2443505905;1;1543254676;
icon-16-preview.png;915558867;1;1543254676;
icon-16-print.png;1772658767;1;1543254676;
icon-16-purge.png;1458449164;1;1543254676;
icon-16-puzzle.png;3211144788;1;1543254676;
icon-16-read-privatemessage.png;2455189180;1;1543254676;
icon-16-readmess.png;3334470315;1;1543254676;
icon-16-redirect.png;1610435298;1;1543254676;
icon-16-revert.png;3370764143;1;1543254676;
icon-16-search.png;573883047;1;1543254676;
icon-16-send.png;1837012488;1;1543254676;
icon-16-stats.png;1217912641;1;1543254676;
icon-16-tags.png;1115183838;1;1543254676;
icon-16-themes.png;413392016;1;1543254676;
icon-16-trash.png;1190311812;1;1543254676;
icon-16-unarticle.png;1330806008;1;1543254676;
icon-16-upload.png;2294778845;1;1543254676;
icon-16-user-dd.png;3735182074;1;1543254676;
icon-16-user-note.png;2257264048;1;1543254676;
icon-16-user.png;2293341433;1;1543254676;
icon-16-viewsite.png;363945284;1;1543254676;
icon-16-writemess.png;124625081;1;1543254676;
index.html;2299680422;1;1431605432;
