SCMBranch=OSP_New
SCMRepository=OSP_New/vbridge_portal/administrator/components/com_admin/sql/updates/sqlazure
2.5.10.sql;2113414217;1;1431605332;
2.5.11.sql;2693332861;1;1431605332;
2.5.2-2012-03-05.sql;538823176;1;1543254676;
2.5.3-2012-03-13.sql;538823176;1;1543254676;
2.5.4-2012-03-18.sql;758079104;1;1543254676;
2.5.4-2012-03-19.sql;2704102173;1;1543254676;
2.5.5.sql;373329108;1;1543254676;
2.5.6.sql;320069716;1;1543254676;
2.5.7.sql;1448893903;1;1543254676;
2.5.8.sql;4104899923;1;1431605332;
2.5.9.sql;2209152453;1;1431605332;
3.0.0.sql;4095345807;1;1543254676;
3.0.1.sql;3976279502;1;1543254676;
3.0.2.sql;802541334;1;1543254676;
3.0.3.sql;4163473451;1;1543254676;
3.1.0.sql;2790598944;1;1543254676;
3.1.1.sql;3072259227;1;1543254676;
3.1.2.sql;2836423626;1;1543254676;
3.1.3.sql;1737175081;1;1543254676;
3.1.4.sql;3160267023;1;1543254676;
3.1.5.sql;835819439;1;1543254676;
3.2.0.sql;3939809003;1;1543254676;
3.2.1.sql;334616681;1;1543254676;
3.2.2-2013-12-22.sql;1040206449;1;1543254676;
3.2.2-2013-12-28.sql;3542535028;1;1543254676;
3.2.2-2014-01-08.sql;4024878450;1;1543254676;
3.2.2-2014-01-15.sql;1376884399;1;1543254676;
3.2.2-2014-01-18.sql;3020361897;1;1543254676;
3.2.2-2014-01-23.sql;415148770;1;1543254676;
3.2.3-2014-02-20.sql;1203722714;1;1543254676;
3.3.0-2014-02-16.sql;4167559634;1;1543254676;
3.3.0-2014-04-02.sql;1339348083;1;1543254676;
3.3.4-2014-08-03.sql;4040909151;1;1543254676;
3.3.6-2014-09-30.sql;676898548;1;1543254676;
3.4.0-2014-08-24.sql;72777295;1;1543254676;
3.4.0-2014-09-01.sql;550399544;1;1543254676;
3.4.0-2014-09-16.sql;1419907186;1;1543254676;
3.4.0-2014-10-20.sql;1970976164;1;1543254676;
3.4.0-2014-12-03.sql;992471209;1;1543254676;
3.4.0-2015-01-21.sql;653586434;1;1543254676;
3.4.0-2015-02-26.sql;4293612866;1;1543254676;
3.4.4-2015-07-11.sql;1864405891;1;1543254676;
3.5.0-2015-10-13.sql;1170247916;1;1543254676;
3.5.0-2015-10-26.sql;3534973450;1;1543254676;
3.5.0-2015-10-30.sql;2598886855;1;1543254676;
3.5.0-2015-11-04.sql;899685589;1;1543254676;
3.5.0-2015-11-05.sql;2030094839;1;1543254676;
3.5.0-2016-03-01.sql;2580959851;1;1543254676;
3.6.0-2016-04-01.sql;122958621;1;1543254676;
3.6.0-2016-04-06.sql;918517003;1;1543254676;
3.6.0-2016-04-08.sql;501305543;1;1543254676;
3.6.0-2016-04-09.sql;3598783905;1;1543254676;
3.6.0-2016-05-06.sql;2919639719;1;1543254676;
3.6.0-2016-06-01.sql;249303913;1;1543254676;
3.6.0-2016-06-05.sql;4136104349;1;1543254676;
3.6.3-2016-08-15.sql;1625683716;1;1543254676;
3.6.3-2016-08-16.sql;2175378675;1;1543254676;
3.7.0-2016-08-06.sql;3932878702;1;1543254676;
3.7.0-2016-08-22.sql;2955692165;1;1543254676;
3.7.0-2016-08-29.sql;801048029;1;1543254676;
3.7.0-2016-09-29.sql;1700243037;1;1543254676;
3.7.0-2016-10-01.sql;2171386274;1;1543254676;
3.7.0-2016-10-02.sql;3302714833;1;1543254676;
3.7.0-2016-11-04.sql;665852724;1;1543254676;
3.7.0-2016-11-19.sql;2271065580;1;1543254676;
3.7.0-2016-11-24.sql;541678906;1;1543254676;
3.7.0-2017-01-08.sql;2872282827;1;1543254676;
3.7.0-2017-01-09.sql;1000325690;1;1543254676;
3.7.0-2017-01-15.sql;1296745659;1;1543254676;
3.7.0-2017-01-17.sql;1731465492;1;1543254676;
3.7.0-2017-01-31.sql;4206083094;1;1543254676;
3.7.0-2017-02-02.sql;2938499835;1;1543254676;
3.7.0-2017-02-15.sql;2685796100;1;1543254676;
3.7.0-2017-02-16.sql;1655153588;1;1543254676;
3.7.0-2017-02-17.sql;3428069834;1;1543254676;
3.7.0-2017-03-03.sql;4187696039;1;1543254676;
3.7.0-2017-03-09.sql;2433969743;1;1543254676;
3.7.0-2017-04-10.sql;1546776266;1;1543254676;
3.7.0-2017-04-19.sql;1839031306;1;1543254676;
3.7.4-2017-07-05.sql;544652350;1;1543254676;
3.8.0-2017-07-28.sql;1166787692;1;1543254676;
3.8.0-2017-07-31.sql;2820374942;1;1543254676;
3.8.2-2017-10-14.sql;1104640431;1;1543254676;
3.8.4-2018-01-16.sql;4223930091;1;1543254676;
3.8.6-2018-02-14.sql;3770774677;1;1543254676;
3.8.8-2018-05-18.sql;1532589371;1;1543254676;
3.8.9-2018-06-19.sql;493954026;1;1543254676;
3.9.0-2018-05-02.sql;989981043;1;1543254676;
3.9.0-2018-05-03.sql;3817288372;1;1543254676;
3.9.0-2018-05-05.sql;1706423359;1;1543254676;
3.9.0-2018-05-19.sql;2781933373;1;1543254676;
3.9.0-2018-05-20.sql;1997378648;1;1543254676;
3.9.0-2018-05-24.sql;110522077;1;1543254676;
3.9.0-2018-05-27.sql;2180519780;1;1543254676;
3.9.0-2018-06-02.sql;1299208872;1;1543254676;
3.9.0-2018-06-12.sql;2076536809;1;1543254676;
3.9.0-2018-06-13.sql;1144077569;1;1543254676;
3.9.0-2018-06-14.sql;1688719153;1;1543254676;
3.9.0-2018-06-17.sql;776437274;1;1543254676;
3.9.0-2018-07-09.sql;2327553067;1;1543254676;
3.9.0-2018-07-10.sql;2216873447;1;1543254676;
3.9.0-2018-07-11.sql;1835331968;1;1543254676;
3.9.0-2018-08-12.sql;3226990326;1;1543254676;
3.9.0-2018-08-28.sql;86490985;1;1543254676;
3.9.0-2018-08-29.sql;3125036088;1;1543254676;
3.9.0-2018-09-04.sql;4201702265;1;1543254676;
3.9.0-2018-10-15.sql;143905749;1;1543254676;
3.9.0-2018-10-20.sql;1412791947;1;1543254676;
3.9.0-2018-10-21.sql;2347901759;1;1543254676;
index.html;2299680422;1;1431605332;
