SCMBranch=OSP_New
SCMRepository=OSP_New/vbridge_portal/administrator/easyui/themes/material
accordion.css;3888850914;1;1468918976;
calendar.css;574558215;1;1468918976;
combo.css;3212175338;1;1468918976;
combobox.css;2363291092;1;1468918976;
datagrid.css;3886329235;1;1468918976;
datalist.css;1773146809;1;1468918976;
datebox.css;1048568583;1;1468918976;
dialog.css;403920584;1;1468918976;
easyui.css;2599953917;1;1468918976;
filebox.css;2976268252;1;1468918976;
layout.css;3445081854;1;1468918976;
linkbutton.css;4155546927;1;1468918976;
menu.css;3567530824;1;1468918976;
menubutton.css;4044905218;1;1468918976;
messager.css;3812052402;1;1468918976;
numberbox.css;4294967295;1;1468918976;
pagination.css;4211397101;1;1468918976;
panel.css;1329427674;1;1468918976;
passwordbox.css;3656197494;1;1468918976;
progressbar.css;1935485121;1;1468918976;
propertygrid.css;3547711842;1;1468918976;
searchbox.css;1481746499;1;1468918976;
slider.css;2238969790;1;1468918976;
spinner.css;4022140767;1;1468918976;
splitbutton.css;3740759583;1;1468918976;
switchbutton.css;2750645759;1;1468918976;
tabs.css;697325436;1;1468918976;
textbox.css;1434884042;1;1468918976;
tooltip.css;1594358220;1;1468918976;
tree.css;3252600271;1;1468918976;
validatebox.css;4219680649;1;1468918976;
window.css;1791149400;1;1468918976;
