SCMBranch=OSP_New
SCMRepository=OSP_New/vbridge_portal/administrator/templates/hathor/images/header
icon-48-alert.png;738892278;1;1543254676;
icon-48-apply.png;2116400451;1;1543254676;
icon-48-archive.png;3698917759;1;1543254676;
icon-48-article-add.png;1212120026;1;1543254676;
icon-48-article-edit.png;2194483681;1;1543254676;
icon-48-article.png;3513972531;1;1543254676;
icon-48-assoc.png;861926190;1;1543254676;
icon-48-banner-categories.png;2526779379;1;1543254676;
icon-48-banner-client.png;514588873;1;1543254676;
icon-48-banner-tracks.png;2689953635;1;1543254676;
icon-48-banner.png;1149293910;1;1543254676;
icon-48-calendar.png;2955819754;1;1543254676;
icon-48-category-add.png;3574300190;1;1543254676;
icon-48-category.png;986566346;1;1543254676;
icon-48-checkin.png;1261685068;1;1543254676;
icon-48-clear.png;552340236;1;1543254676;
icon-48-component.png;2868512785;1;1543254676;
icon-48-config.png;1721453354;1;1543254676;
icon-48-contacts-categories.png;2224172879;1;1543254676;
icon-48-contacts.png;1225566387;1;1543254676;
icon-48-content.png;2739436168;1;1543254676;
icon-48-cpanel.png;3577141950;1;1543254676;
icon-48-default.png;3615932524;1;1543254676;
icon-48-deny.png;39012300;1;1543254676;
icon-48-download.png;2929107338;1;1543254676;
icon-48-edit.png;2478370612;1;1543254676;
icon-48-extension.png;2574752350;1;1543254676;
icon-48-featured.png;2839024705;1;1543254676;
icon-48-frontpage.png;803607694;1;1543254676;
icon-48-generic.png;1070929651;1;1543254676;
icon-48-groups-add.png;2304889790;1;1543254676;
icon-48-groups.png;2552765058;1;1543254676;
icon-48-help-forum.png;2697193174;1;1543254676;
icon-48-help-this.png;468122957;1;1543254676;
icon-48-help_header.png;924816990;1;1543254676;
icon-48-inbox.png;1546949626;1;1543254676;
icon-48-info.png;2176264961;1;1543254676;
icon-48-install.png;500516726;1;1543254676;
icon-48-jupdate-updatefound.png;2114462085;1;1543254676;
icon-48-jupdate-uptodate.png;3036904697;1;1543254676;
icon-48-language.png;2599276998;1;1543254676;
icon-48-levels-add.png;3551879732;1;1543254676;
icon-48-levels.png;637977988;1;1543254676;
icon-48-links-cat.png;2490902119;1;1543254676;
icon-48-links.png;3902739827;1;1543254676;
icon-48-massmail.png;181368398;1;1543254676;
icon-48-media.png;4130839125;1;1543254676;
icon-48-menu-add.png;2091043688;1;1543254676;
icon-48-menu.png;2383588734;1;1543254676;
icon-48-menumgr.png;3471653967;1;1543254676;
icon-48-module.png;837864923;1;1543254676;
icon-48-move.png;4176849134;1;1543254676;
icon-48-new-privatemessage.png;323129239;1;1543254676;
icon-48-newcategory.png;2158471052;1;1543254676;
icon-48-newsfeeds-cat.png;2303386022;1;1543254676;
icon-48-newsfeeds.png;820166912;1;1543254676;
icon-48-notice.png;2062434750;1;1543254676;
icon-48-plugin.png;1289216883;1;1543254676;
icon-48-preview.png;2750312629;1;1543254676;
icon-48-print.png;848631322;1;1543254676;
icon-48-purge.png;3428902961;1;1543254676;
icon-48-puzzle.png;956023155;1;1543254676;
icon-48-read-privatemessage.png;82588348;1;1543254676;
icon-48-readmess.png;1922794227;1;1543254676;
icon-48-redirect.png;4245144935;1;1543254676;
icon-48-revert.png;1865080746;1;1543254676;
icon-48-search.png;1016036630;1;1543254676;
icon-48-section.png;2849449468;1;1543254676;
icon-48-send.png;3232599021;1;1543254676;
icon-48-static.png;2739436168;1;1543254676;
icon-48-stats.png;2916923150;1;1543254676;
icon-48-tags.png;2687316460;1;1543254676;
icon-48-themes.png;3030415161;1;1543254676;
icon-48-trash.png;2673997872;1;1543254676;
icon-48-unarchive.png;52483659;1;1543254676;
icon-48-upload.png;1924495710;1;1543254676;
icon-48-user-add.png;2172905682;1;1543254676;
icon-48-user-edit.png;2172905682;1;1543254676;
icon-48-user-profile.png;2176264961;1;1543254676;
icon-48-user.png;634753073;1;1543254676;
icon-48-writemess.png;3166683731;1;1543254676;
icon-messaging.png;2120799141;1;1543254676;
index.html;2299680422;1;1431605430;
