SCMBranch=OSP_New
SCMRepository=OSP_New/vbridge_portal/administrator/components/com_jce/classes
controller.php;3001401482;1;1446087418;
cssmin.php;3599595277;1;1446087418;
element.php;4180833069;1;1446087418;
encrypt.php;976538965;1;1446087418;
error.php;3433641298;1;1446087418;
index.html;1864180681;1;1446087422;
installer.php;3513926369;1;1446087418;
language.php;3610440605;1;1446087418;
lessc.inc.php;1088764999;1;1446087418;
model.php;2019774288;1;1446087418;
packer.php;2884440784;1;1446087418;
parameter.php;2625346947;1;1446087418;
text.php;1202704729;1;1446087418;
view.php;636491769;1;1446087418;
xml.php;4186197339;1;1446087418;
