SCMBranch=OSP_New
SCMRepository=OSP_New/vbridge_portal/chat/public/components/bootstrap-datepicker
.bower.json;3941552793;1;1585570351;
.editorconfig;430649992;1;1585570353;
.gitignore;2475659363;1;1585570353;
.travis.yml;649230047;1;1585570353;
bower.json;2147952700;1;1585570591;
CHANGELOG.md;969623193;1;1585570591;
CODE_OF_CONDUCT.md;1515990421;1;1585570591;
composer.json;4166594247;1;1585570591;
CONTRIBUTING.md;587011928;1;1585570591;
Gruntfile.js;4189337242;1;1585570591;
LICENSE;1231013273;1;1585570591;
package.json;3555706429;1;1585570591;
README.md;3051988570;1;1585570591;
yarn.lock;2782703692;1;1585570970;
