SCMBranch=OSP_New
SCMRepository=OSP_New/vbridge_portal/chat/public/components/bootstrap/less/mixins
alerts.less;266560569;1;1585570353;
background-variant.less;249286741;1;1585570609;
border-radius.less;4014983635;1;1585570609;
buttons.less;733778958;1;1585570609;
center-block.less;368672616;1;1585570609;
clearfix.less;282667559;1;1585570609;
forms.less;2183115261;1;1585570609;
gradients.less;3198089250;1;1585570609;
grid-framework.less;4035395773;1;1585570609;
grid.less;2875743279;1;1585570609;
hide-text.less;3161647273;1;1585570609;
image.less;783767619;1;1585570609;
labels.less;1849604779;1;1585570609;
list-group.less;1846870904;1;1585570609;
nav-divider.less;602007003;1;1585570609;
nav-vertical-align.less;3662976475;1;1585570609;
opacity.less;1178329925;1;1585570609;
pagination.less;1394757638;1;1585570609;
panels.less;3667611987;1;1585570609;
progress-bar.less;1253708971;1;1585570609;
reset-filter.less;390143523;1;1585570609;
reset-text.less;463951830;1;1585570609;
resize.less;3082405841;1;1585570609;
responsive-visibility.less;2755023986;1;1585570609;
size.less;3530085593;1;1585570609;
tab-focus.less;3300479631;1;1585570609;
table-row.less;176002993;1;1585570611;
text-emphasis.less;1856368575;1;1585570611;
text-overflow.less;2869890224;1;1585570611;
vendor-prefixes.less;525392112;1;1585570970;
