SCMBranch=OSP_New
SCMRepository=OSP_New/vbridge_portal/chat/public/components/ckeditor/plugins/colorbutton/lang
af.js;3583336490;1;1585570355;
ar.js;1871760554;1;1585570627;
az.js;3183150545;1;1585570627;
bg.js;3354068767;1;1585570627;
bn.js;103546723;1;1585570627;
bs.js;240734648;1;1585570628;
ca.js;3077856892;1;1585570628;
cs.js;456264949;1;1585570628;
cy.js;1839122169;1;1585570628;
da.js;3794598989;1;1585570628;
de-ch.js;3880368900;1;1585570628;
de.js;3504234643;1;1585570628;
el.js;718192763;1;1585570628;
en-au.js;4134188418;1;1585570628;
en-ca.js;1054941843;1;1585570628;
en-gb.js;1942154170;1;1585570628;
en.js;2313262628;1;1585570628;
eo.js;2168218913;1;1585570628;
es-mx.js;1866427526;1;1585570628;
es.js;3327220590;1;1585570628;
et.js;3682164112;1;1585570628;
eu.js;4113258153;1;1585570628;
fa.js;2825181958;1;1585570628;
fi.js;3089335849;1;1585570628;
fo.js;3142274230;1;1585570628;
fr-ca.js;4016551850;1;1585570628;
fr.js;1978485032;1;1585570628;
gl.js;2203859764;1;1585570628;
gu.js;432067032;1;1585570628;
he.js;292647132;1;1585570628;
hi.js;1526602395;1;1585570628;
hr.js;4067966342;1;1585570628;
hu.js;562685;1;1585570628;
id.js;3783086483;1;1585570629;
is.js;1445322758;1;1585570629;
it.js;2181786402;1;1585570629;
ja.js;1251460593;1;1585570630;
ka.js;1929780194;1;1585570630;
km.js;3329592957;1;1585570630;
ko.js;1669387626;1;1585570630;
ku.js;517805799;1;1585570630;
lt.js;1497885744;1;1585570630;
lv.js;3300375126;1;1585570630;
mk.js;438992355;1;1585570630;
mn.js;4209692862;1;1585570630;
ms.js;3035066264;1;1585570630;
nb.js;3980886076;1;1585570630;
nl.js;3326769307;1;1585570630;
no.js;3674088061;1;1585570630;
oc.js;179061485;1;1585570630;
pl.js;4037877526;1;1585570630;
pt-br.js;2995601316;1;1585570630;
pt.js;540744792;1;1585570630;
ro.js;3815873528;1;1585570630;
ru.js;1510493022;1;1585570630;
si.js;2668987144;1;1585570630;
sk.js;1143009876;1;1585570630;
sl.js;4031695974;1;1585570630;
sq.js;2671862856;1;1585570630;
sr-latn.js;3057877765;1;1585570630;
sr.js;1302789230;1;1585570630;
sv.js;4056855406;1;1585570630;
th.js;696954059;1;1585570973;
tr.js;3142409375;1;1585570973;
tt.js;108104631;1;1585570973;
ug.js;4057925255;1;1585570973;
uk.js;3848177210;1;1585570973;
vi.js;4049242248;1;1585570973;
zh-cn.js;5904486;1;1585570973;
zh.js;449156276;1;1585570973;
