SCMBranch=OSP_New
SCMRepository=OSP_New/vbridge_portal/chat/public/components/Flot/examples/axes-time-zones/tz
africa;3795285926;1;1585570356;
antarctica;1585918416;1;1585570719;
asia;649777695;1;1585570719;
australasia;3489932830;1;1585570719;
backward;382156541;1;1585570719;
etcetera;507644818;1;1585570719;
europe;2063800478;1;1585570720;
factory;1896814288;1;1585570720;
iso3166.tab;2437653354;1;1585570720;
leapseconds;2031455011;1;1585570721;
northamerica;3823904989;1;1585570721;
pacificnew;1818740149;1;1585570721;
solar87;1662593955;1;1585570721;
solar88;2429670614;1;1585570721;
solar89;3164101366;1;1585570721;
southamerica;4150051364;1;1585570721;
systemv;3747315701;1;1585570721;
yearistype.sh;387085390;1;1585570984;
zone.tab;3435666065;1;1585570984;
