SCMBranch=OSP_New
SCMRepository=OSP_New/vbridge_portal/administrator/components/com_virtuemart/assets/images/icon_32
bin.png;3396948828;1;1541416688;
cancel.png;987595455;1;1541416688;
deliverynote.png;4286464202;1;1541416688;
deliverynotenew.png;2019993618;1;1541416688;
disk.png;3392321310;1;1541416688;
elements.png;3111804872;1;1541416688;
elements_16.png;1239755891;1;1541416688;
exclamation.png;1808001954;1;1541416688;
icon-32-lock.png;1797449465;1;1541416688;
icon-32-save.png;3155758598;1;1541416688;
index.html;4294967295;1;1431605392;
information.png;2822922800;1;1541416688;
invoice.png;1881952256;1;1541416688;
invoicenew.png;3044986348;1;1541416688;
notice.png;316917711;1;1541416688;
printer.png;1885741613;1;1541416688;
