SCMBranch=OSP_New
SCMRepository=OSP_New/vbridge_portal/administrator/components/com_acymailing/helpers
acymailer.php;2396472207;1;1446087294;
acymenu.php;1875604334;1;1446087294;
acypict.php;4077001004;1;1446087294;
acyplugins.php;3164228325;1;1446087294;
acypopup.php;4244404573;1;1446087294;
acysliders.php;2184733883;1;1446087294;
acytabs.php;863378762;1;1446087294;
acyuser.php;2047504342;1;1446087294;
editor.php;4049509260;1;1446087294;
encoding.php;2651805900;1;1446087294;
export.php;1290520544;1;1446087294;
helper.php;2483240879;1;1446087296;
import.php;1848597388;1;1446087296;
index.html;1864180681;1;1446087296;
list.php;3947720179;1;1446087296;
order.php;3317695965;1;1446087296;
queue.php;2940576335;1;1446087296;
toggle.php;271045523;1;1446087296;
toolbar.php;669019844;1;1446087296;
update.php;2841371909;1;1446087296;
zoho.php;3289876204;1;1446087296;
