SCMBranch=OSP_New
SCMRepository=OSP_New/vbridge_portal/administrator/components/com_admin/sql/updates/mysql
1.6.5.sql;4294967295;1;1431605332;
2.5.0-2011-12-06.sql;1016720095;1;1543254676;
2.5.0-2011-12-16.sql;3058134023;1;1543254676;
2.5.0-2011-12-19.sql;4167110404;1;1543254676;
2.5.0-2011-12-20.sql;3147670347;1;1543254676;
2.5.0-2011-12-21-1.sql;2382162531;1;1543254676;
2.5.0-2011-12-21-2.sql;3218974015;1;1543254676;
2.5.0-2011-12-22.sql;1188799564;1;1543254676;
2.5.0-2011-12-23.sql;797130157;1;1543254676;
2.5.0-2011-12-24.sql;4262682081;1;1543254676;
2.5.0-2012-01-10.sql;3824125968;1;1543254676;
2.5.0-2012-01-14.sql;2251632164;1;1543254676;
2.5.1-2012-01-26.sql;2989972693;1;1543254676;
2.5.10.sql;1414509871;1;1431605332;
2.5.11.sql;2693332861;1;1431605332;
2.5.2-2012-03-05.sql;538823176;1;1543254676;
2.5.3-2012-03-13.sql;538823176;1;1543254676;
2.5.4-2012-03-18.sql;2612836410;1;1543254676;
2.5.4-2012-03-19.sql;3181467827;1;1543254676;
2.5.5.sql;1576444518;1;1543254676;
2.5.6.sql;320069716;1;1543254676;
2.5.7.sql;603379321;1;1543254676;
2.5.8.sql;4104899923;1;1431605332;
2.5.9.sql;2209152453;1;1431605332;
3.0.0.sql;2038414123;1;1543254676;
3.0.1.sql;3067911852;1;1543254676;
3.0.2.sql;802541334;1;1543254676;
3.0.3.sql;4103441406;1;1543254676;
3.1.0.sql;2960820830;1;1543254676;
3.1.1.sql;3072259227;1;1543254676;
3.1.2.sql;864428818;1;1543254676;
3.1.3.sql;1737175081;1;1543254676;
3.1.4.sql;2865616571;1;1543254676;
3.1.5.sql;835819439;1;1543254676;
3.2.0.sql;4191869662;1;1543254676;
3.2.1.sql;1854904616;1;1543254676;
3.2.2-2013-12-22.sql;3064661658;1;1543254676;
3.2.2-2013-12-28.sql;368053676;1;1543254676;
3.2.2-2014-01-08.sql;1819467442;1;1543254676;
3.2.2-2014-01-15.sql;644417619;1;1543254676;
3.2.2-2014-01-18.sql;4137672185;1;1543254676;
3.2.2-2014-01-23.sql;4283789760;1;1543254676;
3.2.3-2014-02-20.sql;2297488261;1;1543254676;
3.3.0-2014-02-16.sql;3257508317;1;1543254676;
3.3.0-2014-04-02.sql;1404254517;1;1543254676;
3.3.4-2014-08-03.sql;2429112347;1;1543254676;
3.3.6-2014-09-30.sql;1352718256;1;1543254676;
3.4.0-2014-08-24.sql;500055368;1;1543254676;
3.4.0-2014-09-01.sql;251113969;1;1543254676;
3.4.0-2014-09-16.sql;3643282702;1;1543254676;
3.4.0-2014-10-20.sql;301918815;1;1543254676;
3.4.0-2014-12-03.sql;104696163;1;1543254676;
3.4.0-2015-01-21.sql;804868979;1;1543254676;
3.4.0-2015-02-26.sql;2998567285;1;1543254676;
3.5.0-2015-07-01.sql;2753287160;1;1543254676;
3.5.0-2015-10-13.sql;485149458;1;1543254676;
3.5.0-2015-10-26.sql;1988721574;1;1543254676;
3.5.0-2015-10-30.sql;2463173906;1;1543254676;
3.5.0-2015-11-04.sql;1039870598;1;1543254676;
3.5.0-2015-11-05.sql;3284036135;1;1543254676;
3.5.0-2016-02-26.sql;58856839;1;1543254676;
3.5.0-2016-03-01.sql;3584072301;1;1543254676;
3.5.1-2016-03-25.sql;2880258132;1;1543254676;
3.5.1-2016-03-29.sql;1603156711;1;1543254676;
3.6.0-2016-04-01.sql;2036029059;1;1543254676;
3.6.0-2016-04-06.sql;961774804;1;1543254676;
3.6.0-2016-04-08.sql;4228415782;1;1543254676;
3.6.0-2016-04-09.sql;1760896526;1;1543254676;
3.6.0-2016-05-06.sql;1074667868;1;1543254676;
3.6.0-2016-06-01.sql;902663750;1;1543254676;
3.6.0-2016-06-05.sql;3540814469;1;1543254676;
3.6.3-2016-08-15.sql;104024014;1;1543254676;
3.6.3-2016-08-16.sql;2026061225;1;1543254676;
3.7.0-2016-08-06.sql;1701829770;1;1543254676;
3.7.0-2016-08-22.sql;2226962826;1;1543254676;
3.7.0-2016-08-29.sql;134894949;1;1543254676;
3.7.0-2016-09-29.sql;1368929355;1;1543254676;
3.7.0-2016-10-01.sql;3247013096;1;1543254676;
3.7.0-2016-10-02.sql;3752940817;1;1543254676;
3.7.0-2016-11-04.sql;353176719;1;1543254676;
3.7.0-2016-11-19.sql;1335387375;1;1543254676;
3.7.0-2016-11-21.sql;111688285;1;1543254676;
3.7.0-2016-11-24.sql;1955262953;1;1543254676;
3.7.0-2016-11-27.sql;3908488396;1;1543254676;
3.7.0-2017-01-08.sql;3636544796;1;1543254676;
3.7.0-2017-01-09.sql;3466443235;1;1543254676;
3.7.0-2017-01-15.sql;1776446812;1;1543254676;
3.7.0-2017-01-17.sql;832525224;1;1543254676;
3.7.0-2017-01-31.sql;3833177210;1;1543254676;
3.7.0-2017-02-02.sql;4059889718;1;1543254676;
3.7.0-2017-02-15.sql;3625823763;1;1543254676;
3.7.0-2017-02-17.sql;700096826;1;1543254676;
3.7.0-2017-03-03.sql;2284025340;1;1543254676;
3.7.0-2017-03-09.sql;3227077728;1;1543254676;
3.7.0-2017-03-19.sql;3342843361;1;1543254676;
3.7.0-2017-04-10.sql;795552549;1;1543254676;
3.7.0-2017-04-19.sql;4010409032;1;1543254676;
3.7.3-2017-06-03.sql;1161446002;1;1543254676;
3.7.4-2017-07-05.sql;3991153968;1;1543254676;
3.8.0-2017-07-28.sql;372308704;1;1543254676;
3.8.0-2017-07-31.sql;1145873406;1;1543254676;
3.8.2-2017-10-14.sql;3719736870;1;1543254676;
3.8.4-2018-01-16.sql;3112621986;1;1543254676;
3.8.6-2018-02-14.sql;1215433928;1;1543254676;
3.8.8-2018-05-18.sql;2307493854;1;1543254676;
3.8.9-2018-06-19.sql;1715493773;1;1543254676;
3.9.0-2018-05-02.sql;2849332827;1;1543254676;
3.9.0-2018-05-03.sql;2680250910;1;1543254676;
3.9.0-2018-05-05.sql;1864583815;1;1543254676;
3.9.0-2018-05-19.sql;795839298;1;1543254676;
3.9.0-2018-05-20.sql;1634265064;1;1543254676;
3.9.0-2018-05-24.sql;3080290647;1;1543254676;
3.9.0-2018-05-27.sql;4129709310;1;1543254676;
3.9.0-2018-06-02.sql;2813828118;1;1543254676;
3.9.0-2018-06-12.sql;1599026952;1;1543254676;
3.9.0-2018-06-13.sql;368297859;1;1543254676;
3.9.0-2018-06-14.sql;3177102087;1;1543254676;
3.9.0-2018-06-17.sql;2471584043;1;1543254676;
3.9.0-2018-07-09.sql;1049090546;1;1543254676;
3.9.0-2018-07-10.sql;769940226;1;1543254676;
3.9.0-2018-07-11.sql;916765783;1;1543254676;
3.9.0-2018-08-12.sql;3032394923;1;1543254676;
3.9.0-2018-08-28.sql;1215697410;1;1543254676;
3.9.0-2018-08-29.sql;3572665075;1;1543254676;
3.9.0-2018-09-04.sql;1998671990;1;1543254676;
3.9.0-2018-10-15.sql;677315598;1;1543254676;
3.9.0-2018-10-20.sql;2177418842;1;1543254676;
3.9.0-2018-10-21.sql;3856623452;1;1543254676;
index.html;2299680422;1;1431605332;
