SCMBranch=OSP_New
SCMRepository=OSP_New/vbridge_portal/chat/public/ckeditor/plugins/specialchar/dialogs/lang
_translationstatus.txt;3830321076;1;1585570351;
af.js;734422441;1;1585570351;
ar.js;408775328;1;1585570583;
az.js;1083888639;1;1585570583;
bg.js;3698563296;1;1585570583;
ca.js;139041655;1;1585570583;
cs.js;1013668944;1;1585570583;
cy.js;4248661250;1;1585570583;
da.js;1895737273;1;1585570583;
de-ch.js;76541517;1;1585570583;
de.js;3922544380;1;1585570583;
el.js;3845894648;1;1585570583;
en-au.js;1983235736;1;1585570583;
en-ca.js;1131216406;1;1585570583;
en-gb.js;2649054661;1;1585570583;
en.js;4076203148;1;1585570583;
eo.js;2925972705;1;1585570583;
es-mx.js;2784170608;1;1585570583;
es.js;2526435895;1;1585570583;
et.js;4271090869;1;1585570583;
eu.js;1198447390;1;1585570583;
fa.js;2140539025;1;1585570583;
fi.js;1587809652;1;1585570583;
fr-ca.js;3349249131;1;1585570583;
fr.js;4052683360;1;1585570583;
gl.js;732491987;1;1585570583;
he.js;1137797151;1;1585570583;
hr.js;3536175436;1;1585570583;
hu.js;1530156187;1;1585570583;
id.js;276125410;1;1585570585;
it.js;1311948797;1;1585570585;
ja.js;4240606220;1;1585570585;
km.js;2205733060;1;1585570585;
ko.js;3815219179;1;1585570585;
ku.js;2217833574;1;1585570585;
lt.js;189065546;1;1585570585;
lv.js;815732505;1;1585570585;
nb.js;3202501966;1;1585570585;
nl.js;1944047004;1;1585570585;
no.js;1131083540;1;1585570585;
oc.js;1889706126;1;1585570585;
pl.js;766522268;1;1585570585;
pt-br.js;2959113092;1;1585570585;
pt.js;3411535196;1;1585570585;
ro.js;4246285266;1;1585570585;
ru.js;3207274087;1;1585570585;
si.js;733077068;1;1585570585;
sk.js;2447611974;1;1585570585;
sl.js;2684155855;1;1585570585;
sq.js;4184867151;1;1585570585;
sv.js;462434527;1;1585570585;
th.js;321233056;1;1585570968;
tr.js;662338967;1;1585570968;
tt.js;2730538100;1;1585570968;
ug.js;696915625;1;1585570968;
uk.js;3696771144;1;1585570968;
vi.js;430763978;1;1585570968;
zh-cn.js;4093061431;1;1585570969;
zh.js;2664510871;1;1585570969;
