SCMBranch=OSP_New
SCMRepository=OSP_New/vbridge_portal/chat/public/components/Flot
.bower.json;1343488951;1;1585570356;
.gitignore;4186248180;1;1585570356;
.travis.yml;3685338671;1;1585570356;
API.md;2722229570;1;1585570717;
component.json;2677974657;1;1585570717;
CONTRIBUTING.md;3286717684;1;1585570717;
excanvas.js;1941681935;1;1585570717;
excanvas.min.js;3782295610;1;1585570717;
FAQ.md;2253104680;1;1585570717;
flot.jquery.json;1588348059;1;1585570717;
jquery.colorhelpers.js;1075044249;1;1585570717;
jquery.flot.canvas.js;2601967743;1;1585570717;
jquery.flot.categories.js;4077521738;1;1585570717;
jquery.flot.crosshair.js;1821947342;1;1585570717;
jquery.flot.errorbars.js;4093873050;1;1585570717;
jquery.flot.fillbetween.js;2318243215;1;1585570717;
jquery.flot.image.js;1604303552;1;1585570717;
jquery.flot.js;1483005258;1;1585570717;
jquery.flot.navigate.js;1273943574;1;1585570717;
jquery.flot.pie.js;3334704510;1;1585570717;
jquery.flot.resize.js;1331968615;1;1585570717;
jquery.flot.selection.js;1064268159;1;1585570717;
jquery.flot.stack.js;1145858304;1;1585570717;
jquery.flot.symbol.js;2609295680;1;1585570717;
jquery.flot.threshold.js;2316385050;1;1585570717;
jquery.flot.time.js;3403361276;1;1585570719;
jquery.js;2869470858;1;1585570719;
LICENSE.txt;1413036937;1;1585570719;
Makefile;2212334036;1;1585570719;
NEWS.md;1963426656;1;1585570719;
package.json;3255281871;1;1585570719;
PLUGINS.md;907268594;1;1585570719;
README.md;2253822276;1;1585570719;
