SCMBranch=OSP_New
SCMRepository=OSP_New/vbridge_portal/administrator/components/com_admin/sql/updates/postgresql
3.0.0.sql;600896747;1;1543254676;
3.0.1.sql;3067911852;1;1543254676;
3.0.2.sql;802541334;1;1543254676;
3.0.3.sql;4199418392;1;1543254676;
3.1.0.sql;3535899034;1;1543254676;
3.1.1.sql;3072259227;1;1543254676;
3.1.2.sql;1692522479;1;1543254676;
3.1.3.sql;1737175081;1;1543254676;
3.1.4.sql;3101977990;1;1543254676;
3.1.5.sql;835819439;1;1543254676;
3.2.0.sql;3948655268;1;1543254676;
3.2.1.sql;868673722;1;1543254676;
3.2.2-2013-12-22.sql;2997942392;1;1543254676;
3.2.2-2013-12-28.sql;3834570870;1;1543254676;
3.2.2-2014-01-08.sql;990525969;1;1543254676;
3.2.2-2014-01-15.sql;2033986901;1;1543254676;
3.2.2-2014-01-18.sql;3390794035;1;1543254676;
3.2.2-2014-01-23.sql;2594589995;1;1543254676;
3.2.3-2014-02-20.sql;3753501487;1;1543254676;
3.3.0-2013-12-21.sql;1115810982;1;1543254676;
3.3.0-2014-02-16.sql;1769283659;1;1543254676;
3.3.0-2014-04-02.sql;83087357;1;1543254676;
3.3.4-2014-08-03.sql;3865461258;1;1543254676;
3.3.6-2014-09-30.sql;3764906794;1;1543254676;
3.4.0-2014-08-24.sql;2697907794;1;1543254676;
3.4.0-2014-09-01.sql;2485724483;1;1543254676;
3.4.0-2014-09-16.sql;4228119766;1;1543254676;
3.4.0-2014-10-20.sql;3144963082;1;1543254676;
3.4.0-2014-12-03.sql;1554266155;1;1543254676;
3.4.0-2015-01-21.sql;810091444;1;1543254676;
3.4.0-2015-02-26.sql;2789373455;1;1543254676;
3.4.4-2015-07-11.sql;229623008;1;1543254676;
3.5.0-2015-10-13.sql;3472144111;1;1543254676;
3.5.0-2015-10-26.sql;199040445;1;1543254676;
3.5.0-2015-10-30.sql;1205162003;1;1543254676;
3.5.0-2015-11-04.sql;1340538334;1;1543254676;
3.5.0-2015-11-05.sql;52017563;1;1543254676;
3.5.0-2016-03-01.sql;155801157;1;1543254676;
3.6.0-2016-04-01.sql;582078268;1;1543254676;
3.6.0-2016-04-08.sql;703060609;1;1543254676;
3.6.0-2016-04-09.sql;2438633487;1;1543254676;
3.6.0-2016-05-06.sql;1109858653;1;1543254676;
3.6.0-2016-06-01.sql;2850675644;1;1543254676;
3.6.0-2016-06-05.sql;4116175735;1;1543254676;
3.6.3-2016-08-15.sql;3888453609;1;1543254676;
3.6.3-2016-08-16.sql;1039809344;1;1543254676;
3.6.3-2016-10-04.sql;1335806236;1;1543254676;
3.7.0-2016-08-06.sql;161554942;1;1543254676;
3.7.0-2016-08-22.sql;3437506532;1;1543254676;
3.7.0-2016-08-29.sql;1315240419;1;1543254676;
3.7.0-2016-09-29.sql;1131562967;1;1543254676;
3.7.0-2016-10-01.sql;1204260841;1;1543254676;
3.7.0-2016-10-02.sql;4000070078;1;1543254676;
3.7.0-2016-11-04.sql;2705032195;1;1543254676;
3.7.0-2016-11-19.sql;458268638;1;1543254676;
3.7.0-2016-11-21.sql;1688697621;1;1543254676;
3.7.0-2016-11-24.sql;4290201304;1;1543254676;
3.7.0-2017-01-08.sql;2795218653;1;1543254676;
3.7.0-2017-01-09.sql;1836051524;1;1543254676;
3.7.0-2017-01-15.sql;479739995;1;1543254676;
3.7.0-2017-01-17.sql;1974382626;1;1543254676;
3.7.0-2017-01-31.sql;2859860230;1;1543254676;
3.7.0-2017-02-02.sql;602111435;1;1543254676;
3.7.0-2017-02-15.sql;3150235798;1;1543254676;
3.7.0-2017-02-17.sql;189234499;1;1543254676;
3.7.0-2017-03-03.sql;649668770;1;1543254676;
3.7.0-2017-03-09.sql;1420406824;1;1543254676;
3.7.0-2017-04-10.sql;1546776266;1;1543254676;
3.7.0-2017-04-19.sql;992131475;1;1543254676;
3.7.4-2017-07-05.sql;4009372215;1;1543254676;
3.8.0-2017-07-28.sql;937463664;1;1543254676;
3.8.0-2017-07-31.sql;667414245;1;1543254676;
3.8.2-2017-10-14.sql;3127547191;1;1543254676;
3.8.4-2018-01-16.sql;2117298242;1;1543254676;
3.8.6-2018-02-14.sql;2823517552;1;1543254676;
3.8.8-2018-05-18.sql;1602039099;1;1543254676;
3.8.9-2018-06-19.sql;2700696275;1;1543254676;
3.9.0-2018-05-02.sql;2005140419;1;1543254676;
3.9.0-2018-05-03.sql;2895551557;1;1543254676;
3.9.0-2018-05-05.sql;4260988016;1;1543254676;
3.9.0-2018-05-19.sql;4286128139;1;1543254676;
3.9.0-2018-05-20.sql;2724722277;1;1543254676;
3.9.0-2018-05-24.sql;654857524;1;1543254676;
3.9.0-2018-05-27.sql;3619421893;1;1543254676;
3.9.0-2018-06-02.sql;865434656;1;1543254676;
3.9.0-2018-06-12.sql;154865831;1;1543254676;
3.9.0-2018-06-13.sql;648296920;1;1543254676;
3.9.0-2018-06-14.sql;1843943762;1;1543254676;
3.9.0-2018-06-17.sql;1396053960;1;1543254676;
3.9.0-2018-07-09.sql;1081474630;1;1543254676;
3.9.0-2018-07-10.sql;3997249085;1;1543254676;
3.9.0-2018-07-11.sql;1059086587;1;1543254676;
3.9.0-2018-08-12.sql;1707242092;1;1543254676;
3.9.0-2018-08-28.sql;811882331;1;1543254676;
3.9.0-2018-08-29.sql;1754333886;1;1543254676;
3.9.0-2018-09-04.sql;1487203091;1;1543254676;
3.9.0-2018-10-15.sql;3147983527;1;1543254676;
3.9.0-2018-10-20.sql;125766422;1;1543254676;
3.9.0-2018-10-21.sql;902417429;1;1543254676;
index.html;2299680422;1;1431605330;
