SCMBranch=OSP_New
SCMRepository=OSP_New/vbridge_portal/administrator/easyui/demo/tree
actions.html;1847222554;1;1395829390;
animation.html;1572893612;1;1395829422;
basic.html;948864873;1;1395829144;
checkbox.html;2405794452;1;1395829834;
contextmenu.html;3941518693;1;1395829516;
customcheckbox.html;2710672503;1;1457845394;
dnd.html;1128386658;1;1395829542;
editable.html;1324201234;1;1395829572;
formatting.html;1371827407;1;1395829612;
icons.html;2768399446;1;1395829640;
lazyload.html;4108987734;1;1395829664;
lines.html;3978912893;1;1395829690;
tree_data1.json;504258174;1;1349252296;
tree_data2.json;3597869252;1;1349251994;
